Rk,Score,PtsW,PtsL,PtTot,PD,Count,,Last Game
1,20-17,20,17,37,3,266,all games,Baltimore Ravens vs. San Francisco 49ers December 1 2019
2,27-24,27,24,51,3,210,all games,Seattle Seahawks vs. San Francisco 49ers November 11 2019
3,17-14,17,14,31,3,195,all games,Washington Redskins vs. Seattle Seahawks November 5 2017
4,23-20,23,20,43,3,183,all games,Denver Broncos vs. Los Angeles Chargers December 1 2019
5,24-17,24,17,41,7,165,all games,Kansas City Chiefs vs. Los Angeles Chargers November 18 2019
6,13-10,13,10,23,3,163,all games,Detroit Lions vs. Los Angeles Chargers September 15 2019
7,24-21,24,21,45,3,151,all games,Oakland Raiders vs. Chicago Bears October 6 2019
8,16-13,16,13,29,3,138,all games,Pittsburgh Steelers vs. Cincinnati Bengals December 30 2018
9,17-10,17,10,27,7,138,all games,New England Patriots vs. Philadelphia Eagles November 17 2019
10,24-14,24,14,38,10,137,all games,Pittsburgh Steelers vs. New York Giants December 4 2016
11,24-10,24,10,34,14,126,all games,Los Angeles Rams vs. Cincinnati Bengals October 27 2019
12,23-17,23,17,40,6,116,all games,Baltimore Ravens vs. Cincinnati Bengals October 13 2019
13,20-10,20,10,30,10,116,all games,Detroit Lions vs. Chicago Bears December 16 2017
14,27-20,27,20,47,7,115,all games,Seattle Seahawks vs. Atlanta Falcons October 27 2019
15,24-20,24,20,44,4,112,all games,Chicago Bears vs. Detroit Lions November 28 2019
16,20-13,20,13,33,7,109,all games,Pittsburgh Steelers vs. Cleveland Browns December 1 2019
17,17-7,17,7,24,10,108,all games,Los Angeles Rams vs. Chicago Bears November 17 2019
18,27-17,27,17,44,10,106,all games,Jacksonville Jaguars vs. Cincinnati Bengals October 20 2019
19,17-13,17,13,30,4,104,all games,Los Angeles Rams vs. Arizona Cardinals October 2 2016
20,21-17,21,17,38,4,102,all games,Buffalo Bills vs. Cincinnati Bengals September 22 2019
21,27-10,27,10,37,17,96,all games,Seattle Seahawks vs. Arizona Cardinals September 29 2019
22,20-14,20,14,34,6,95,all games,Tampa Bay Buccaneers vs. Carolina Panthers September 12 2019
23,21-14,21,14,35,7,94,all games,Oakland Raiders vs. Denver Broncos November 26 2017
24,31-17,31,17,48,14,94,all games,Tennessee Titans vs. Indianapolis Colts December 1 2019
25,27-7,27,7,34,20,94,all games,Atlanta Falcons vs. Dallas Cowboys November 12 2017
26,7-0,7,0,7,7,93,all games,New England Patriots vs. New Orleans Saints December 4 1983
27,27-21,27,21,48,6,91,all games,Arizona Cardinals vs. New York Giants October 20 2019
28,20-7,20,7,27,13,90,all games,San Francisco 49ers vs. Los Angeles Rams October 13 2019
29,14-7,14,7,21,7,88,all games,Buffalo Bills vs. Tennessee Titans October 6 2019
30,31-14,31,14,45,17,88,all games,Minnesota Vikings vs. San Diego Chargers September 27 2015
31,14-10,14,10,24,4,87,all games,Miami Dolphins vs. Los Angeles Rams November 20 2016
32,31-24,31,24,55,7,84,all games,Oakland Raiders vs. Detroit Lions November 3 2019
33,30-27,30,27,57,3,84,all games,Tampa Bay Buccaneers vs. Arizona Cardinals November 10 2019
34,21-7,21,7,28,14,84,all games,Cleveland Browns vs. Pittsburgh Steelers November 14 2019
35,10-7,10,7,17,3,83,all games,New York Giants vs. Dallas Cowboys December 11 2016
36,28-7,28,7,35,21,82,all games,Pittsburgh Steelers vs. Indianapolis Colts November 24 2016
37,27-14,27,14,41,13,82,all games,Pittsburgh Steelers vs. Miami Dolphins October 28 2019
38,24-7,24,7,31,17,81,all games,Minnesota Vikings vs. Los Angeles Rams November 19 2017
39,31-28,31,28,59,3,80,all games,New Orleans Saints vs. Pittsburgh Steelers December 23 2018
40,31-7,31,7,38,24,79,all games,Cincinnati Bengals vs. Cleveland Browns October 1 2017
41,6-0,6,0,6,6,79,all games,Jacksonville Jaguars vs. Indianapolis Colts December 2 2018
42,16-10,16,10,26,6,78,all games,Pittsburgh Steelers vs. Cincinnati Bengals November 24 2019
43,14-0,14,0,14,14,77,all games,Cincinnati Bengals vs. Cleveland Browns December 21 2008
44,31-21,31,21,52,10,76,all games,Buffalo Bills vs. Miami Dolphins October 20 2019
45,13-7,13,7,20,6,76,all games,Buffalo Bills vs. Indianapolis Colts December 10 2017
46,17-16,17,16,33,1,76,all games,Los Angeles Chargers vs. Chicago Bears October 27 2019
47,24-23,24,23,47,1,75,all games,New Orleans Saints vs. Baltimore Ravens October 21 2018
48,28-21,28,21,49,7,73,all games,Pittsburgh Steelers vs. Cincinnati Bengals October 14 2018
49,0-0,0,0,0,0,73,all games,Detroit Lions vs. New York Giants November 7 1943
50,28-24,28,24,52,4,71,all games,Minnesota Vikings vs. Dallas Cowboys November 10 2019
51,24-13,24,13,37,11,70,all games,Seattle Seahawks vs. Dallas Cowboys September 23 2018
52,20-0,20,0,20,20,69,all games,New Orleans Saints vs. Miami Dolphins October 1 2017
53,31-10,31,10,41,21,68,all games,Cincinnati Bengals vs. Cleveland Browns November 5 2015
54,21-0,21,0,21,21,68,all games,Baltimore Ravens vs. Tennessee Titans October 14 2018
55,21-20,21,20,41,1,68,all games,Seattle Seahawks vs. Cincinnati Bengals September 8 2019
56,34-31,34,31,65,3,67,all games,New Orleans Saints vs. Carolina Panthers November 24 2019
57,23-7,23,7,30,16,67,all games,Jacksonville Jaguars vs. Cincinnati Bengals November 5 2017
58,27-13,27,13,40,14,66,all games,New England Patriots vs. Cleveland Browns October 27 2019
59,27-0,27,0,27,27,65,all games,Jacksonville Jaguars vs. Indianapolis Colts October 22 2017
60,17-6,17,6,23,11,64,all games,New York Giants vs. Detroit Lions December 18 2016
61,13-0,13,0,13,13,64,all games,New England Patriots vs. Buffalo Bills December 28 2008
62,21-10,21,10,31,11,64,all games,Philadelphia Eagles vs. Minnesota Vikings October 23 2016
63,28-17,28,17,45,11,64,all games,Dallas Cowboys vs. Kansas City Chiefs November 5 2017
64,28-14,28,14,42,14,63,all games,Buffalo Bills vs. New York Giants September 15 2019
65,34-7,34,7,41,27,63,all games,Los Angeles Rams vs. Arizona Cardinals December 1 2019
66,17-3,17,3,20,14,62,all games,Detroit Lions vs. Arizona Cardinals December 9 2018
67,23-10,23,10,33,13,62,all games,Minnesota Vikings vs. Chicago Bears December 31 2017
68,10-0,10,0,10,10,61,all games,Chicago Bears vs. New York Jets November 19 2006
69,34-17,34,17,51,17,61,all games,New Orleans Saints vs. Tampa Bay Buccaneers November 17 2019
70,20-3,20,3,23,17,60,all games,Buffalo Bills vs. Denver Broncos November 24 2019
71,16-14,16,14,30,2,60,all games,Chicago Bears vs. Denver Broncos September 15 2019
72,24-0,24,0,24,24,60,all games,Philadelphia Eagles vs. Washington Redskins December 30 2018
73,10-6,10,6,16,4,59,all games,Houston Texans vs. Cincinnati Bengals November 16 2015
74,3-0,3,0,3,3,59,all games,Pittsburgh Steelers vs. Miami Dolphins November 26 2007
75,24-3,24,3,27,21,59,all games,New York Giants vs. Washington Redskins September 29 2019
76,14-13,14,13,27,1,58,all games,Buffalo Bills vs. Detroit Lions December 16 2018
77,38-14,38,14,52,24,57,all games,Atlanta Falcons vs. Washington Redskins November 4 2018
78,34-14,34,14,48,20,57,all games,Minnesota Vikings vs. Oakland Raiders September 22 2019
79,34-24,34,24,58,10,57,all games,Green Bay Packers vs. Dallas Cowboys October 6 2019
80,31-13,31,13,44,18,57,all games,Green Bay Packers vs. New York Giants December 1 2019
81,17-0,17,0,17,17,57,all games,Tennessee Titans vs. New York Giants December 16 2018
82,7-6,7,6,13,1,56,all games,New York Jets vs. Arizona Cardinals December 2 2012
83,30-10,30,10,40,20,55,all games,Los Angeles Chargers vs. Miami Dolphins September 29 2019
84,20-16,20,16,36,4,54,all games,Pittsburgh Steelers vs. Jacksonville Jaguars November 18 2018
85,23-21,23,21,44,2,54,all games,Houston Texans vs. Washington Redskins November 18 2018
86,30-24,30,24,54,6,53,all games,Los Angeles Chargers vs. Indianapolis Colts September 8 2019
87,35-14,35,14,49,21,52,all games,New England Patriots vs. New York Giants October 10 2019
88,13-6,13,6,19,7,52,all games,New Orleans Saints vs. Jacksonville Jaguars October 13 2019
89,20-6,20,6,26,14,52,all games,Los Angeles Chargers vs. Oakland Raiders November 11 2018
90,26-20,26,20,46,6,52,all games,Cleveland Browns vs. Carolina Panthers December 9 2018
91,28-10,28,10,38,18,52,all games,Minnesota Vikings vs. New York Giants October 6 2019
92,30-14,30,14,44,16,50,all games,New England Patriots vs. New York Jets September 22 2019
93,31-27,31,27,58,4,50,all games,Cincinnati Bengals vs. Baltimore Ravens December 31 2017
94,19-17,19,17,36,2,50,all games,Indianapolis Colts vs. Tennessee Titans September 15 2019
95,14-6,14,6,20,8,49,all games,Arizona Cardinals vs. Detroit Lions November 16 2014
96,23-14,23,14,37,9,49,all games,Houston Texans vs. Chicago Bears September 11 2016
97,34-27,34,27,61,7,49,all games,New York Jets vs. New York Giants November 10 2019
98,30-17,30,17,47,13,49,all games,Detroit Lions vs. Green Bay Packers November 6 2017
99,16-0,16,0,16,16,48,all games,Denver Broncos vs. Tennessee Titans October 13 2019
100,27-23,27,23,50,4,48,all games,Minnesota Vikings vs. Denver Broncos November 17 2019
101,35-7,35,7,42,28,48,all games,Pittsburgh Steelers vs. Cincinnati Bengals December 4 2011
102,13-3,13,3,16,10,48,all games,New England Patriots vs. Los Angeles Rams February 3 2019
103,23-13,23,13,36,10,48,all games,New Orleans Saints vs. Atlanta Falcons December 24 2017
104,24-16,24,16,40,8,47,all games,Green Bay Packers vs. Carolina Panthers November 10 2019
105,21-13,21,13,34,8,47,all games,New England Patriots vs. Los Angeles Chargers October 29 2017
106,38-24,38,24,62,14,46,all games,New England Patriots vs. Indianapolis Colts October 4 2018
107,19-16,19,16,35,3,46,all games,Washington Redskins vs. Detroit Lions November 24 2019
108,30-20,30,20,50,10,46,all games,Carolina Panthers vs. Tennessee Titans November 3 2019
109,34-0,34,0,34,34,45,all games,Los Angeles Rams vs. Arizona Cardinals September 16 2018
110,30-7,30,7,37,23,45,all games,New England Patriots vs. Minnesota Vikings September 14 2014
111,38-10,38,10,48,28,45,all games,Indianapolis Colts vs. Tennessee Titans November 18 2018
112,31-0,31,0,31,31,45,all games,Detroit Lions vs. Green Bay Packers December 30 2018
113,10-3,10,3,13,7,45,all games,Green Bay Packers vs. Chicago Bears September 5 2019
114,19-13,19,13,32,6,45,all games,Indianapolis Colts vs. Kansas City Chiefs October 6 2019
115,38-7,38,7,45,31,44,all games,New England Patriots vs. Miami Dolphins September 30 2018
116,26-23,26,23,49,3,44,all games,Kansas City Chiefs vs. Minnesota Vikings November 3 2019
117,19-14,19,14,33,5,44,all games,Chicago Bears vs. New York Giants November 24 2019
118,34-20,34,20,54,14,44,all games,Green Bay Packers vs. Atlanta Falcons December 9 2018
119,35-17,35,17,52,18,44,all games,Dallas Cowboys vs. New York Giants September 8 2019
120,38-17,38,17,55,21,44,all games,Jacksonville Jaguars vs. Tennessee Titans December 24 2016
121,21-16,21,16,37,5,43,all games,Green Bay Packers vs. Minnesota Vikings September 15 2019
122,23-0,23,0,23,23,43,all games,Indianapolis Colts vs. Dallas Cowboys December 16 2018
123,34-21,34,21,55,13,43,all games,New York Jets vs. Buffalo Bills November 2 2017
124,31-20,31,20,51,11,43,all games,Jacksonville Jaguars vs. New England Patriots September 16 2018
125,16-7,16,7,23,9,42,all games,Cincinnati Bengals vs. Cleveland Browns November 29 2009
126,28-0,28,0,28,28,42,all games,San Francisco 49ers vs. Los Angeles Rams September 12 2016
127,27-3,27,3,30,24,42,all games,Pittsburgh Steelers vs. Cincinnati Bengals September 30 2019
128,26-10,26,10,36,16,42,all games,Los Angeles Chargers vs. Oakland Raiders October 7 2018
129,28-20,28,20,48,8,41,all games,Miami Dolphins vs. Oakland Raiders September 23 2018
130,26-24,26,24,50,2,41,all games,Oakland Raiders vs. Los Angeles Chargers November 7 2019
131,23-16,23,16,39,7,41,all games,Chicago Bears vs. Detroit Lions November 22 2018
132,14-3,14,3,17,11,40,all games,Pittsburgh Steelers vs. Cleveland Browns December 8 2011
133,34-13,34,13,47,21,40,all games,Philadelphia Eagles vs. New York Giants October 11 2018
134,34-10,34,10,44,24,40,all games,Tennessee Titans vs. New England Patriots November 11 2018
135,20-19,20,19,39,1,39,all games,Detroit Lions vs. Carolina Panthers November 18 2018
136,9-7,9,7,16,2,39,all games,Washington Redskins vs. St. Louis Rams September 20 2009
137,30-13,30,13,43,17,39,all games,Kansas City Chiefs vs. Los Angeles Chargers December 16 2017
138,35-21,35,21,56,14,38,all games,Denver Broncos vs. San Diego Chargers October 23 2014
139,26-14,26,14,40,12,38,all games,Kansas City Chiefs vs. Arizona Cardinals November 11 2018
140,19-7,19,7,26,12,38,all games,Jacksonville Jaguars vs. Cleveland Browns November 19 2017
141,38-21,38,21,59,17,38,all games,Washington Redskins vs. Cleveland Browns December 16 2012
142,31-3,31,3,34,28,38,all games,San Francisco 49ers vs. Cleveland Browns October 7 2019
143,30-28,30,28,58,2,38,all games,New Orleans Saints vs. Houston Texans September 9 2019
144,28-27,28,27,55,1,37,all games,Indianapolis Colts vs. New York Giants December 23 2018
145,34-28,34,28,62,6,36,all games,New England Patriots vs. Atlanta Falcons February 5 2017
146,28-13,28,13,41,15,36,all games,Philadelphia Eagles vs. Washington Redskins December 3 2018
147,23-3,23,3,26,20,36,all games,Cleveland Browns vs. New York Jets September 16 2019
148,10-9,10,9,19,1,35,all games,Seattle Seahawks vs. Minnesota Vikings January 10 2016
149,26-21,26,21,47,5,35,all games,Los Angeles Chargers vs. Cincinnati Bengals December 9 2018
150,19-0,19,0,19,19,35,all games,Buffalo Bills vs. Miami Dolphins December 22 2013
151,27-6,27,6,33,21,35,all games,Buffalo Bills vs. Minnesota Vikings September 23 2018
152,13-9,13,9,22,4,34,all games,New England Patriots vs. Dallas Cowboys November 24 2019
153,6-3,6,3,9,3,34,all games,Cleveland Browns vs. Seattle Seahawks October 23 2011
154,24-6,24,6,30,18,34,all games,Washington Redskins vs. Arizona Cardinals September 9 2018
155,41-14,41,14,55,27,34,all games,Buffalo Bills vs. Miami Dolphins September 27 2015
156,38-31,38,31,69,7,34,all games,Seattle Seahawks vs. Kansas City Chiefs December 23 2018
157,30-23,30,23,53,7,33,all games,Indianapolis Colts vs. Houston Texans October 20 2019
158,37-14,37,14,51,23,33,all games,San Diego Chargers vs. New York Giants December 8 2013
159,27-16,27,16,43,11,32,all games,Green Bay Packers vs. Denver Broncos September 22 2019
160,26-7,26,7,33,19,32,all games,Carolina Panthers vs. Minnesota Vikings December 20 2009
161,16-6,16,6,22,10,32,all games,Chicago Bears vs. Minnesota Vikings September 29 2019
162,41-10,41,10,51,31,32,all games,Buffalo Bills vs. New York Jets November 11 2018
163,33-14,33,14,47,19,31,all games,Carolina Panthers vs. New Orleans Saints December 30 2018
164,7-7,7,7,14,0,31,all games,Washington Redskins vs. New York Giants November 23 1997
165,38-28,38,28,66,10,31,all games,Kansas City Chiefs vs. Los Angeles Chargers September 9 2018
166,26-17,26,17,43,9,30,all games,Cincinnati Bengals vs. Detroit Lions December 24 2017
167,24-19,24,19,43,5,30,all games,Denver Broncos vs. Cleveland Browns November 3 2019
168,9-6,9,6,15,3,30,all games,Tennessee Titans vs. Jacksonville Jaguars September 23 2018
169,37-34,37,34,71,3,30,all games,Cincinnati Bengals vs. Tampa Bay Buccaneers October 28 2018
170,9-0,9,0,9,9,30,all games,San Francisco 49ers vs. Washington Redskins October 20 2019
171,37-7,37,7,44,30,30,all games,Baltimore Ravens vs. St. Louis Rams September 25 2011
172,7-3,7,3,10,4,30,all games,Kansas City Chiefs vs. Denver Broncos January 1 2012
173,30-21,30,21,51,9,30,all games,Buffalo Bills vs. Houston Texans December 6 2015
174,34-3,34,3,37,31,30,all games,New York Jets vs. Oakland Raiders November 24 2019
175,31-23,31,23,54,8,30,all games,Dallas Cowboys vs. Washington Redskins November 22 2018
176,17-9,17,9,26,8,30,all games,Seattle Seahawks vs. Philadelphia Eagles November 24 2019
177,42-7,42,7,49,35,29,all games,Los Angeles Rams vs. Seattle Seahawks December 17 2017
178,38-20,38,20,58,18,29,all games,Minnesota Vikings vs. Philadelphia Eagles October 13 2019
179,28-23,28,23,51,5,29,all games,Philadelphia Eagles vs. Carolina Panthers October 12 2017
180,42-14,42,14,56,28,28,all games,Atlanta Falcons vs. Los Angeles Rams December 11 2016
181,24-22,24,22,46,2,28,all games,New York Jets vs. Dallas Cowboys October 13 2019
182,26-0,26,0,26,26,28,all games,Seattle Seahawks vs. Chicago Bears September 27 2015
183,37-21,37,21,58,16,27,all games,Kansas City Chiefs vs. Cleveland Browns November 4 2018
184,16-3,16,3,19,13,27,all games,Washington Redskins vs. Tampa Bay Buccaneers November 11 2018
185,37-31,37,31,68,6,27,all games,Miami Dolphins vs. Philadelphia Eagles December 1 2019
186,21-19,21,19,40,2,26,all games,Detroit Lions vs. Chicago Bears November 10 2013
187,45-21,45,21,66,24,26,all games,Carolina Panthers vs. Miami Dolphins November 13 2017
188,14-9,14,9,23,5,26,all games,Chicago Bears vs. San Francisco 49ers December 23 2018
189,33-17,33,17,50,16,26,all games,Indianapolis Colts vs. Tennessee Titans December 30 2018
190,17-12,17,12,29,5,25,all games,Pittsburgh Steelers vs. Los Angeles Rams November 10 2019
191,35-24,35,24,59,11,25,all games,Denver Broncos vs. San Diego Chargers October 15 2012
192,19-10,19,10,29,9,25,all games,Philadelphia Eagles vs. Oakland Raiders December 25 2017
193,28-3,28,3,31,25,25,all games,Arizona Cardinals vs. New York Jets October 17 2016
194,45-7,45,7,52,38,24,all games,Jacksonville Jaguars vs. Houston Texans December 17 2017
195,37-10,37,10,47,27,24,all games,Dallas Cowboys vs. Philadelphia Eagles October 20 2019
196,10-10,10,10,20,0,24,all games,Philadelphia Eagles vs. Baltimore Ravens November 16 1997
197,26-16,26,16,42,10,23,all games,Baltimore Ravens vs. Atlanta Falcons December 2 2018
198,20-12,20,12,32,8,23,all games,Baltimore Ravens vs. Tampa Bay Buccaneers December 16 2018
199,45-17,45,17,62,28,23,all games,Tampa Bay Buccaneers vs. Philadelphia Eagles November 22 2015
200,33-27,33,27,60,6,23,all games,New Orleans Saints vs. Seattle Seahawks September 22 2019
201,31-6,31,6,37,25,23,all games,Philadelphia Eagles vs. New York Jets October 6 2019
202,35-28,35,28,63,7,23,all games,Atlanta Falcons vs. Oakland Raiders September 18 2016
203,35-0,35,0,35,35,23,all games,San Francisco 49ers vs. St. Louis Rams October 4 2009
204,41-7,41,7,48,34,23,all games,Baltimore Ravens vs. Houston Texans November 17 2019
205,41-21,41,21,62,20,23,all games,Washington Redskins vs. Chicago Bears December 24 2016
206,42-17,42,17,59,25,22,all games,Buffalo Bills vs. Miami Dolphins December 30 2018
207,31-16,31,16,47,15,22,all games,Dallas Cowboys vs. Washington Redskins October 13 2013
208,38-0,38,0,38,38,22,all games,Carolina Panthers vs. Atlanta Falcons December 13 2015
209,21-3,21,3,24,18,22,all games,New York Giants vs. Minnesota Vikings December 13 2010
210,12-0,12,0,12,12,22,all games,New England Patriots vs. Miami Dolphins December 7 2003
211,37-13,37,13,50,24,22,all games,Chicago Bears vs. St. Louis Rams November 15 2015
212,33-30,33,30,63,3,22,all games,Los Angeles Chargers vs. Pittsburgh Steelers December 2 2018
213,12-7,12,7,19,5,22,all games,Arizona Cardinals vs. Tennessee Titans December 10 2017
214,30-3,30,3,33,27,21,all games,Tennessee Titans vs. Carolina Panthers November 13 2011
215,26-13,26,13,39,13,21,all games,Atlanta Falcons vs. Los Angeles Rams January 6 2018
216,15-10,15,10,25,5,21,all games,Philadelphia Eagles vs. Atlanta Falcons January 13 2018
217,13-12,13,12,25,1,21,all games,Houston Texans vs. Jacksonville Jaguars September 15 2019
218,38-35,38,35,73,3,21,all games,New York Giants vs. Tampa Bay Buccaneers November 18 2018
219,33-7,33,7,40,26,21,all games,New England Patriots vs. Washington Redskins October 6 2019
220,17-17,17,17,34,0,21,all games,Kansas City Chiefs vs. New York Jets October 2 1988
221,27-26,27,26,53,1,20,all games,Baltimore Ravens vs. Philadelphia Eagles December 18 2016
222,45-14,45,14,59,31,20,all games,Detroit Lions vs. Philadelphia Eagles November 26 2015
223,23-6,23,6,29,17,20,all games,Minnesota Vikings vs. Houston Texans December 23 2012
224,20-20,20,20,40,0,20,all games,St. Louis Cardinals vs. New York Giants October 24 1983
225,30-0,30,0,30,30,20,all games,Kansas City Chiefs vs. Houston Texans January 9 2016
226,41-0,41,0,41,41,20,all games,New Orleans Saints vs. Tampa Bay Buccaneers December 16 2012
227,22-17,22,17,39,5,20,all games,Houston Texans vs. Indianapolis Colts December 11 2016
228,24-9,24,9,33,15,20,all games,Buffalo Bills vs. Washington Redskins November 3 2019
229,44-7,44,7,51,37,20,all games,Jacksonville Jaguars vs. Baltimore Ravens September 24 2017
230,12-10,12,10,22,2,20,all games,New Orleans Saints vs. Dallas Cowboys September 29 2019
231,35-13,35,13,48,22,20,all games,Miami Dolphins vs. Oakland Raiders September 16 2012
232,28-16,28,16,44,12,20,all games,Cleveland Browns vs. Atlanta Falcons November 11 2018
233,35-31,35,31,66,4,19,all games,Green Bay Packers vs. Dallas Cowboys October 8 2017
234,41-17,41,17,58,24,19,all games,San Francisco 49ers vs. Cincinnati Bengals September 15 2019
235,40-7,40,7,47,33,19,all games,Dallas Cowboys vs. Jacksonville Jaguars October 14 2018
236,35-10,35,10,45,25,19,all games,Dallas Cowboys vs. Cleveland Browns November 6 2016
237,29-7,29,7,36,22,19,all games,Tampa Bay Buccaneers vs. Chicago Bears September 17 2017
238,22-21,22,21,43,1,19,all games,Tennessee Titans vs. Kansas City Chiefs January 6 2018
239,41-38,41,38,79,3,19,all games,Seattle Seahawks vs. Houston Texans October 29 2017
240,35-20,35,20,55,15,19,all games,Cleveland Browns vs. Cincinnati Bengals November 25 2018
241,35-3,35,3,38,32,19,all games,Kansas City Chiefs vs. Oakland Raiders December 30 2018
242,35-27,35,27,62,8,19,all games,Dallas Cowboys vs. Detroit Lions November 17 2019
243,21-6,21,6,27,15,19,all games,Miami Dolphins vs. New Orleans Saints October 30 2005
244,37-20,37,20,57,17,19,all games,Buffalo Bills vs. Miami Dolphins November 17 2019
245,14-12,14,12,26,2,18,all games,Seattle Seahawks vs. Green Bay Packers September 24 2012
246,42-20,42,20,62,22,18,all games,Tennessee Titans vs. Jacksonville Jaguars November 24 2019
247,20-9,20,9,29,11,18,all games,Carolina Panthers vs. Jacksonville Jaguars September 13 2015
248,28-25,28,25,53,3,18,all games,San Francisco 49ers vs. Arizona Cardinals October 31 2019
249,34-16,34,16,50,18,18,all games,New York Jets vs. Denver Broncos October 7 2018
250,12-9,12,9,21,3,18,all games,New Orleans Saints vs. Carolina Panthers December 17 2018
251,42-21,42,21,63,21,18,all games,Dallas Cowboys vs. Detroit Lions December 26 2016
252,45-10,45,10,55,35,18,all games,Los Angeles Chargers vs. Arizona Cardinals November 25 2018
253,41-24,41,24,65,17,18,all games,Cleveland Browns vs. Miami Dolphins November 24 2019
254,28-6,28,6,34,22,18,all games,Los Angeles Chargers vs. Dallas Cowboys November 23 2017
255,31-30,31,30,61,1,18,all games,Oakland Raiders vs. Kansas City Chiefs October 19 2017
256,45-28,45,28,73,17,18,all games,Chicago Bears vs. Dallas Cowboys December 9 2013
257,29-14,29,14,43,15,18,all games,Pittsburgh Steelers vs. Cincinnati Bengals October 22 2017
258,38-13,38,13,51,25,18,all games,Green Bay Packers vs. New York Giants January 8 2017
259,13-13,13,13,26,0,18,all games,Cincinnati Bengals vs. Philadelphia Eagles November 16 2008
260,26-3,26,3,29,23,17,all games,Houston Texans vs. Jacksonville Jaguars November 3 2019
261,9-3,9,3,12,6,17,all games,Carolina Panthers vs. Buffalo Bills September 17 2017
262,31-26,31,26,57,5,17,all games,Detroit Lions vs. New York Giants October 27 2019
263,24-24,24,24,48,0,17,all games,St. Louis Rams vs. San Francisco 49ers November 11 2012
264,37-0,37,0,37,37,17,all games,Miami Dolphins vs. San Diego Chargers November 2 2014
265,42-10,42,10,52,32,17,all games,Green Bay Packers vs. Minnesota Vikings October 2 2014
266,22-20,22,20,42,2,17,all games,Jacksonville Jaguars vs. Baltimore Ravens November 15 2015
267,27-19,27,19,46,8,17,all games,Denver Broncos vs. San Diego Chargers October 30 2016
268,15-13,15,13,28,2,17,all games,Indianapolis Colts vs. Denver Broncos October 27 2019
269,22-10,22,10,32,12,17,all games,Baltimore Ravens vs. Los Angeles Chargers December 22 2018
270,29-10,29,10,39,19,17,all games,Philadelphia Eagles vs. Cleveland Browns September 11 2016
271,22-19,22,19,41,3,17,all games,Dallas Cowboys vs. Atlanta Falcons November 18 2018
272,23-19,23,19,42,4,16,all games,Tampa Bay Buccaneers vs. Atlanta Falcons December 6 2015
273,29-21,29,21,50,8,16,all games,Washington Redskins vs. Carolina Panthers December 1 2019
274,27-22,27,22,49,5,16,all games,New York Giants vs. Houston Texans September 23 2018
275,6-6,6,6,12,0,16,all games,Arizona Cardinals vs. Seattle Seahawks October 23 2016
276,19-3,19,3,22,16,16,all games,Dallas Cowboys vs. New York Giants September 10 2017
277,37-24,37,24,61,13,16,all games,New York Jets vs. Miami Dolphins December 28 2014
278,30-16,30,16,46,14,16,all games,Baltimore Ravens vs. Seattle Seahawks October 20 2019
279,48-21,48,21,69,27,16,all games,Atlanta Falcons vs. Houston Texans October 4 2015
280,42-0,42,0,42,42,16,all games,Seattle Seahawks vs. Philadelphia Eagles December 5 2005
281,22-14,22,14,36,8,16,all games,Philadelphia Eagles vs. Chicago Bears November 3 2019
282,21-9,21,9,30,12,15,all games,Indianapolis Colts vs. Washington Redskins September 16 2018
283,42-28,42,28,70,14,15,all games,Carolina Panthers vs. Tampa Bay Buccaneers November 4 2018
284,28-28,28,28,56,0,15,all games,Miami Dolphins vs. New York Jets October 4 1981
285,45-24,45,24,69,21,15,all games,Atlanta Falcons vs. Tampa Bay Buccaneers January 1 2012
286,25-20,25,20,45,5,15,all games,Chicago Bears vs. Minnesota Vikings November 18 2018
287,14-14,14,14,28,0,15,all games,Green Bay Packers vs. Tampa Bay Buccaneers October 12 1980
288,38-3,38,3,41,35,15,all games,New England Patriots vs. New York Jets December 30 2018
289,21-21,21,21,42,0,15,all games,Cleveland Browns vs. Pittsburgh Steelers September 9 2018
290,33-13,33,13,46,20,15,all games,Indianapolis Colts vs. Jacksonville Jaguars November 17 2019
291,27-9,27,9,36,18,15,all games,Los Angeles Rams vs. New Orleans Saints September 15 2019
292,15-0,15,0,15,15,15,all games,Oakland Raiders vs. Kansas City Chiefs December 16 2012
293,33-24,33,24,57,9,15,all games,Baltimore Ravens vs. Dallas Cowboys December 20 2008
294,12-6,12,6,18,6,15,all games,Pittsburgh Steelers vs. St. Louis Rams September 27 2015
295,29-27,29,27,56,2,15,all games,Los Angeles Rams vs. Green Bay Packers October 28 2018
296,34-23,34,23,57,11,15,all games,Cincinnati Bengals vs. Baltimore Ravens September 13 2018
297,22-13,22,13,35,9,15,all games,Indianapolis Colts vs. Houston Texans December 31 2017
298,22-16,22,16,38,6,14,all games,Buffalo Bills vs. Miami Dolphins December 31 2017
299,41-20,41,20,61,21,14,all games,Denver Broncos vs. Arizona Cardinals October 5 2014
300,31-19,31,19,50,12,14,all games,New Orleans Saints vs. New York Jets December 17 2017
301,29-28,29,28,57,1,14,all games,Los Angeles Chargers vs. Kansas City Chiefs December 13 2018
302,22-0,22,0,22,22,14,all games,Green Bay Packers vs. Buffalo Bills September 30 2018
303,25-24,25,24,49,1,14,all games,Indianapolis Colts vs. Cleveland Browns December 7 2014
304,33-21,33,21,54,12,14,all games,Arizona Cardinals vs. San Francisco 49ers October 6 2016
305,29-24,29,24,53,5,14,all games,Minnesota Vikings vs. New Orleans Saints January 14 2018
306,41-13,41,13,54,28,14,all games,Atlanta Falcons vs. San Francisco 49ers December 18 2016
307,40-14,40,14,54,26,14,all games,Atlanta Falcons vs. Arizona Cardinals December 16 2018
308,26-6,26,6,32,20,14,all games,New England Patriots vs. New York Jets December 31 2017
309,18-17,18,17,35,1,14,all games,Chicago Bears vs. Kansas City Chiefs October 11 2015
310,38-27,38,27,65,11,14,all games,Kansas City Chiefs vs. San Francisco 49ers September 23 2018
311,41-28,41,28,69,13,13,all games,New England Patriots vs. Los Angeles Chargers January 13 2019
312,23-22,23,22,45,1,13,all games,Green Bay Packers vs. Detroit Lions October 14 2019
313,19-6,19,6,25,13,13,all games,Pittsburgh Steelers vs. New York Jets October 13 2013
314,34-33,34,33,67,1,13,all games,Arizona Cardinals vs. Atlanta Falcons October 13 2019
315,35-23,35,23,58,12,13,all games,Los Angeles Rams vs. Los Angeles Chargers September 23 2018
316,19-9,19,9,28,10,13,all games,Minnesota Vikings vs. Washington Redskins October 24 2019
317,20-15,20,15,35,5,13,all games,Jacksonville Jaguars vs. New York Giants September 9 2018
318,38-23,38,23,61,15,13,all games,Dallas Cowboys vs. Philadelphia Eagles November 11 2012
319,3-3,3,3,6,0,13,all games,Chicago Bears vs. New York Giants October 31 1937
320,16-12,16,12,28,4,13,all games,Miami Dolphins vs. Indianapolis Colts November 10 2019
321,28-26,28,26,54,2,12,all games,Seattle Seahawks vs. Pittsburgh Steelers September 15 2019
322,16-15,16,15,31,1,12,all games,Philadelphia Eagles vs. Chicago Bears January 6 2019
323,30-6,30,6,36,24,12,all games,Kansas City Chiefs vs. Denver Broncos October 17 2019
324,33-31,33,31,64,2,12,all games,Carolina Panthers vs. New York Giants October 7 2018
325,21-18,21,18,39,3,12,all games,New Orleans Saints vs. Cleveland Browns September 16 2018
326,49-21,49,21,70,28,12,all games,New Orleans Saints vs. Los Angeles Rams November 27 2016
327,45-3,45,3,48,42,12,all games,San Francisco 49ers vs. Buffalo Bills October 7 2012
328,29-23,29,23,52,6,12,all games,Dallas Cowboys vs. Philadelphia Eagles December 9 2018
329,25-17,25,17,42,8,12,all games,Los Angeles Chargers vs. Seattle Seahawks November 4 2018
330,17-15,17,15,32,2,12,all games,Dallas Cowboys vs. Minnesota Vikings December 1 2016
331,41-27,41,27,68,14,12,all games,New York Giants vs. Cleveland Browns October 7 2012
332,22-7,22,7,29,15,12,all games,Cincinnati Bengals vs. Miami Dolphins September 29 2016
333,42-24,42,24,66,18,12,all games,Green Bay Packers vs. Oakland Raiders October 20 2019
334,36-14,36,14,50,22,12,all games,Denver Broncos vs. Carolina Panthers November 11 2012
335,37-27,37,27,64,10,11,all games,Kansas City Chiefs vs. San Diego Chargers January 1 2017
336,41-3,41,3,44,38,11,all games,New England Patriots vs. New York Jets December 24 2016
337,33-10,33,10,43,23,11,all games,Philadelphia Eagles vs. San Francisco 49ers October 29 2017
338,16-9,16,9,25,7,11,all games,New England Patriots vs. Oakland Raiders September 21 2014
339,31-9,31,9,40,22,11,all games,New Orleans Saints vs. Arizona Cardinals October 27 2019
340,29-20,29,20,49,9,11,all games,Kansas City Chiefs vs. Washington Redskins October 2 2017
341,38-34,38,34,72,4,11,all games,Chicago Bears vs. New York Jets December 26 2010
342,37-3,37,3,40,34,11,all games,Cincinnati Bengals vs. Cleveland Browns December 6 2015
343,24-12,24,12,36,12,11,all games,New England Patriots vs. Buffalo Bills December 23 2018
344,33-3,33,3,36,30,11,all games,New England Patriots vs. Pittsburgh Steelers September 8 2019
345,48-17,48,17,65,31,11,all games,New York Jets vs. Detroit Lions September 10 2018
346,33-20,33,20,53,13,11,all games,Pittsburgh Steelers vs. Cincinnati Bengals December 13 2015
347,37-17,37,17,54,20,11,all games,Minnesota Vikings vs. New York Jets October 21 2018
348,33-6,33,6,39,27,11,all games,Seattle Seahawks vs. St. Louis Rams October 21 2007
349,37-16,37,16,53,21,11,all games,New England Patriots vs. Buffalo Bills December 24 2017
350,41-31,41,31,72,10,10,all games,Cleveland Browns vs. Miami Dolphins October 14 2007
351,23-9,23,9,32,14,10,all games,Los Angeles Chargers vs. Denver Broncos December 30 2018
352,45-0,45,0,45,45,10,all games,Oakland Raiders vs. Tampa Bay Buccaneers December 19 1999
353,29-17,29,17,46,12,10,all games,Denver Broncos vs. Cincinnati Bengals September 25 2016
354,37-6,37,6,43,31,10,all games,Denver Broncos vs. Oakland Raiders September 30 2012
355,15-7,15,7,22,8,10,all games,New York Giants vs. Philadelphia Eagles October 27 2013
356,29-26,29,26,55,3,10,all games,Indianapolis Colts vs. Jacksonville Jaguars November 11 2018
357,37-35,37,35,72,2,10,all games,Miami Dolphins vs. Minnesota Vikings December 21 2014
358,29-13,29,13,42,16,10,all games,Houston Texans vs. Cleveland Browns December 2 2018
359,25-0,25,0,25,25,10,all games,Tampa Bay Buccaneers vs. Baltimore Ravens September 15 2002
360,32-0,32,0,32,32,10,all games,Cleveland Browns vs. Arizona Cardinals September 18 1994
361,28-19,28,19,47,9,10,all games,Minnesota Vikings vs. Detroit Lions October 25 2015
362,48-7,48,7,55,41,10,all games,New Orleans Saints vs. Philadelphia Eagles November 18 2018
363,36-28,36,28,64,8,9,all games,Atlanta Falcons vs. San Francisco 49ers September 3 2000
364,31-15,31,15,46,16,9,all games,Chicago Bears vs. Washington Redskins September 23 2019
365,30-26,30,26,56,4,9,all games,Atlanta Falcons vs. Detroit Lions September 24 2017
366,23-12,23,12,35,11,9,all games,St. Louis Rams vs. Seattle Seahawks November 14 2004
367,44-10,44,10,54,34,9,all games,Jacksonville Jaguars vs. Arizona Cardinals December 10 2000
368,40-21,40,21,61,19,9,all games,San Francisco 49ers vs. Seattle Seahawks December 12 2010
369,35-9,35,9,44,26,9,all games,Miami Dolphins vs. Denver Broncos December 3 2017
370,23-15,23,15,38,8,9,all games,Seattle Seahawks vs. New Orleans Saints January 11 2014
371,33-28,33,28,61,5,9,all games,Kansas City Chiefs vs. Baltimore Ravens September 22 2019
372,32-14,32,14,46,18,9,all games,Cincinnati Bengals vs. Philadelphia Eagles December 4 2016
373,36-20,36,20,56,16,9,all games,New England Patriots vs. New Orleans Saints September 17 2017
374,26-9,26,9,35,17,9,all games,Atlanta Falcons vs. New Orleans Saints November 10 2019
375,34-30,34,30,64,4,9,all games,Kansas City Chiefs vs. Detroit Lions September 29 2019
376,35-16,35,16,51,19,9,all games,San Francisco 49ers vs. St. Louis Rams November 16 2008
377,52-21,52,21,73,31,9,all games,Pittsburgh Steelers vs. Carolina Panthers November 8 2018
378,35-30,35,30,65,5,9,all games,Los Angeles Rams vs. Dallas Cowboys October 1 2017
379,25-22,25,22,47,3,9,all games,Philadelphia Eagles vs. New York Giants November 25 2018
380,31-29,31,29,60,2,9,all games,Baltimore Ravens vs. Dallas Cowboys October 14 2012
381,44-17,44,17,61,27,9,all games,Dallas Cowboys vs. Washington Redskins December 28 2014
382,33-0,33,0,33,33,9,all games,New England Patriots vs. New York Jets October 21 2019
383,30-9,30,9,39,21,9,all games,Tennessee Titans vs. Jacksonville Jaguars December 6 2018
384,30-19,30,19,49,11,9,all games,Buffalo Bills vs. Los Angeles Rams October 9 2016
385,19-12,19,12,31,7,9,all games,Houston Texans vs. Kansas City Chiefs September 18 2016
386,30-22,30,22,52,8,9,all games,Los Angeles Rams vs. Dallas Cowboys January 12 2019
387,25-10,25,10,35,15,9,all games,Carolina Panthers vs. Arizona Cardinals October 14 2007
388,15-14,15,14,29,1,9,all games,San Francisco 49ers vs. Chicago Bears December 3 2017
389,26-18,26,18,44,8,9,all games,New Orleans Saints vs. Atlanta Falcons November 28 2019
390,35-34,35,34,69,1,9,all games,New Orleans Saints vs. San Diego Chargers October 2 2016
391,45-31,45,31,76,14,8,all games,San Francisco 49ers vs. Green Bay Packers January 12 2013
392,22-3,22,3,25,19,8,all games,Baltimore Ravens vs. St. Louis Rams October 14 2007
393,44-0,44,0,44,44,8,all games,Detroit Lions vs. Jacksonville Jaguars December 17 1995
394,38-6,38,6,44,32,8,all games,Baltimore Ravens vs. Miami Dolphins December 4 2016
395,48-10,48,10,58,38,8,all games,Chicago Bears vs. Tampa Bay Buccaneers September 30 2018
396,44-14,44,14,58,30,8,all games,Tennessee Oilers vs. Cincinnati Bengals October 18 1998
397,38-9,38,9,47,29,8,all games,Buffalo Bills vs. Seattle Seahawks November 28 2004
398,31-22,31,22,53,9,8,all games,Carolina Panthers vs. Detroit Lions November 16 2008
399,43-14,43,14,57,29,8,all games,Pittsburgh Steelers vs. Kansas City Chiefs October 2 2016
400,18-16,18,16,34,2,8,all games,Pittsburgh Steelers vs. Kansas City Chiefs January 15 2017
401,33-19,33,19,52,14,8,all games,Dallas Cowboys vs. Washington Redskins October 29 2017
402,25-23,25,23,48,2,8,all games,San Francisco 49ers vs. Tennessee Titans December 17 2017
403,25-7,25,7,32,18,8,all games,Minnesota Vikings vs. Chicago Bears October 27 2002
404,21-12,21,12,33,9,8,all games,Seattle Seahawks vs. Dallas Cowboys December 24 2017
405,49-14,49,14,63,35,8,all games,Indianapolis Colts vs. Houston Texans November 14 2004
406,25-21,25,21,46,4,8,all games,Arizona Cardinals vs. Detroit Lions September 15 2013
407,42-27,42,27,69,15,8,all games,Kansas City Chiefs vs. New England Patriots September 7 2017
408,15-12,15,12,27,3,8,all games,Oakland Raiders vs. Denver Broncos December 13 2015
409,36-22,36,22,58,14,8,all games,Tennessee Titans vs. Indianapolis Colts October 16 2017
410,18-15,18,15,33,3,8,all games,Arizona Cardinals vs. San Francisco 49ers October 28 2018
411,34-19,34,19,53,15,8,all games,New York Jets vs. Washington Redskins December 4 2011
412,35-32,35,32,67,3,8,all games,Tennessee Titans vs. Kansas City Chiefs November 10 2019
413,40-17,40,17,57,23,8,all games,Pittsburgh Steelers vs. Tennessee Titans November 16 2017
414,34-6,34,6,40,28,8,all games,Pittsburgh Steelers vs. Houston Texans December 25 2017
415,45-35,45,35,80,10,8,all games,New Orleans Saints vs. Los Angeles Rams November 4 2018
416,36-0,36,0,36,36,7,all games,New York Giants vs. Washington Redskins October 30 2005
417,20-18,20,18,38,2,7,all games,Denver Broncos vs. New England Patriots January 24 2016
418,34-29,34,29,63,5,7,all games,Atlanta Falcons vs. Tampa Bay Buccaneers October 14 2018
419,25-19,25,19,44,6,7,all games,Atlanta Falcons vs. Washington Redskins October 11 2015
420,33-16,33,16,49,17,7,all games,Minnesota Vikings vs. Cleveland Browns October 29 2017
421,49-17,49,17,66,32,7,all games,Minnesota Vikings vs. New York Giants December 27 2015
422,41-9,41,9,50,32,7,all games,Chicago Bears vs. Buffalo Bills November 4 2018
423,37-28,37,28,65,9,7,all games,Cincinnati Bengals vs. Denver Broncos December 22 2014
424,32-31,32,31,63,1,7,all games,New York Giants vs. Tampa Bay Buccaneers September 22 2019
425,40-10,40,10,50,30,7,all games,Dallas Cowboys vs. San Francisco 49ers October 22 2017
426,28-22,28,22,50,6,7,all games,Houston Texans vs. New England Patriots December 1 2019
427,18-7,18,7,25,11,7,all games,Pittsburgh Steelers vs. New York Jets December 9 2001
428,34-26,34,26,60,8,7,all games,Indianapolis Colts vs. Tennessee Titans October 23 2016
429,24-15,24,15,39,9,7,all games,Philadelphia Eagles vs. Atlanta Falcons November 13 2016
430,43-24,43,24,67,19,7,all games,Philadelphia Eagles vs. Tennessee Titans November 23 2014
431,34-9,34,9,43,25,7,all games,New England Patriots vs. Detroit Lions November 23 2014
432,28-18,28,18,46,10,7,all games,Arizona Cardinals vs. San Francisco 49ers October 7 2018
433,44-24,44,24,68,20,7,all games,Kansas City Chiefs vs. Denver Broncos January 3 2010
434,26-15,26,15,41,11,7,all games,Buffalo Bills vs. Dallas Cowboys November 28 2019
435,40-24,40,24,64,16,7,all games,Indianapolis Colts vs. New York Giants November 3 2014
436,44-21,44,21,65,23,7,all games,Atlanta Falcons vs. Green Bay Packers January 22 2017
437,42-31,42,31,73,11,7,all games,Buffalo Bills vs. Miami Dolphins December 4 1994
438,48-0,48,0,48,48,7,all games,Jacksonville Jaguars vs. Cleveland Browns December 3 2000
439,48-14,48,14,62,34,7,all games,St. Louis Rams vs. Carolina Panthers November 11 2001
440,35-6,35,6,41,29,7,all games,Seattle Seahawks vs. Baltimore Ravens December 13 2015
441,44-6,44,6,50,38,7,all games,Arizona Cardinals vs. Los Angeles Rams January 1 2017
442,27-12,27,12,39,15,7,all games,Pittsburgh Steelers vs. Washington Redskins October 28 2012
443,38-16,38,16,54,22,7,all games,Pittsburgh Steelers vs. Washington Redskins September 12 2016
444,30-12,30,12,42,18,7,all games,Pittsburgh Steelers vs. Miami Dolphins January 8 2017
445,42-13,42,13,55,29,7,all games,Seattle Seahawks vs. San Francisco 49ers December 23 2012
446,36-10,36,10,46,26,7,all games,Tampa Bay Buccaneers vs. Chicago Bears November 13 2016
447,32-28,32,28,60,4,7,all games,Seattle Seahawks vs. Cleveland Browns October 13 2019
448,41-16,41,16,57,25,7,all games,New England Patriots vs. Denver Broncos November 12 2017
449,27-11,27,11,38,16,7,all games,Washington Redskins vs. Denver Broncos December 24 2017
450,36-7,36,7,43,29,7,all games,New England Patriots vs. Miami Dolphins October 29 2015
451,43-0,43,0,43,43,6,all games,New England Patriots vs. Miami Dolphins September 15 2019
452,42-6,42,6,48,36,6,all games,Indianapolis Colts vs. St. Louis Rams October 25 2009
453,45-27,45,27,72,18,6,all games,New Orleans Saints vs. Detroit Lions September 13 2009
454,33-18,33,18,51,15,6,all games,Pittsburgh Steelers vs. Cleveland Browns October 28 2018
455,49-0,49,0,49,49,6,all games,Kansas City Chiefs vs. Arizona Cardinals December 1 2002
456,42-3,42,3,45,39,6,all games,Philadelphia Eagles vs. San Francisco 49ers September 18 2005
457,55-14,55,14,69,41,6,all games,Green Bay Packers vs. Chicago Bears November 9 2014
458,25-13,25,13,38,12,6,all games,Denver Broncos vs. Indianapolis Colts December 14 2017
459,44-13,44,13,57,31,6,all games,Baltimore Ravens vs. Cincinnati Bengals September 10 2012
460,41-6,41,6,47,35,6,all games,Miami Dolphins vs. Indianapolis Colts December 10 2001
461,32-10,32,10,42,22,6,all games,Atlanta Falcons vs. Arizona Cardinals October 1 2006
462,27-25,27,25,52,2,6,all games,New England Patriots vs. New York Jets October 16 2014
463,49-7,49,7,56,42,6,all games,San Francisco 49ers vs. Chicago Bears September 7 2003
464,52-14,52,14,66,38,6,all games,Miami Dolphins vs. New York Jets September 3 1995
465,34-12,34,12,46,22,6,all games,Denver Broncos vs. Cleveland Browns December 23 2012
466,27-27,27,27,54,0,6,all games,Arizona Cardinals vs. Detroit Lions September 8 2019
467,47-17,47,17,64,30,6,all games,Atlanta Falcons vs. St. Louis Rams January 15 2005
468,29-3,29,3,32,26,6,all games,Atlanta Falcons vs. Carolina Panthers November 17 2019
469,28-9,28,9,37,19,6,all games,Buffalo Bills vs. New York Jets December 30 2012
470,41-34,41,34,75,7,6,all games,San Francisco 49ers vs. New England Patriots December 16 2012
471,26-22,26,22,48,4,6,all games,Tennessee Titans vs. New York Jets December 2 2018
472,38-36,38,36,74,2,6,all games,Tennessee Titans vs. Houston Texans October 21 2007
473,38-30,38,30,68,8,6,all games,Minnesota Vikings vs. Washington Redskins November 12 2017
474,42-34,42,34,76,8,6,all games,New York Jets vs. Indianapolis Colts October 14 2018
475,28-12,28,12,40,16,6,all games,Minnesota Vikings vs. Atlanta Falcons September 8 2019
476,32-21,32,21,53,11,6,all games,Detroit Lions vs. Miami Dolphins October 21 2018
477,22-6,22,6,28,16,6,all games,Cincinnati Bengals vs. New York Jets December 1 2019
478,36-30,36,30,66,6,6,all games,Chicago Bears vs. Minnesota Vikings December 28 2009
479,41-23,41,23,64,18,6,all games,New Orleans Saints vs. San Francisco 49ers November 6 2016
480,31-31,31,31,62,0,6,all games,Houston Oilers vs. San Diego Chargers October 25 1970
481,36-17,36,17,53,19,5,all games,New England Patriots vs. Pittsburgh Steelers January 22 2017
482,45-38,45,38,83,7,5,all games,Green Bay Packers vs. San Diego Chargers November 6 2011
483,42-23,42,23,65,19,5,all games,Houston Texans vs. Miami Dolphins October 25 2018
484,32-29,32,29,61,3,5,all games,Carolina Panthers vs. Green Bay Packers October 3 2005
485,14-2,14,2,16,12,5,all games,Baltimore Colts vs. Los Angeles Rams November 11 1962
486,33-25,33,25,58,8,5,all games,Oakland Raiders vs. Indianapolis Colts December 24 2016
487,12-3,12,3,15,9,5,all games,Cincinnati Bengals vs. Cleveland Browns October 29 2000
488,51-14,51,14,65,37,5,all games,New Orleans Saints vs. Cincinnati Bengals November 11 2018
489,35-33,35,33,68,2,5,all games,Indianapolis Colts vs. Tennessee Titans September 27 2015
490,42-35,42,35,77,7,5,all games,Tampa Bay Buccaneers vs. Chicago Bears October 8 1989
491,38-33,38,33,71,5,5,all games,Arizona Cardinals vs. Tampa Bay Buccaneers October 15 2017
492,48-20,48,20,68,28,5,all games,Philadelphia Eagles vs. Arizona Cardinals November 27 2008
493,48-3,48,3,51,45,5,all games,San Francisco 49ers vs. Tampa Bay Buccaneers October 9 2011
494,37-30,37,30,67,7,5,all games,Seattle Seahawks vs. Minnesota Vikings December 2 2019
495,40-34,40,34,74,6,5,all games,Seattle Seahawks vs. Tampa Bay Buccaneers November 3 2019
496,38-19,38,19,57,19,5,all games,Atlanta Falcons vs. Arizona Cardinals November 27 2016
497,30-15,30,15,45,15,5,all games,Miami Dolphins vs. Pittsburgh Steelers October 16 2016
498,37-22,37,22,59,15,5,all games,New England Patriots vs. Buffalo Bills October 12 2014
499,23-18,23,18,41,5,5,all games,Jacksonville Jaguars vs. Houston Texans December 6 2009
500,29-6,29,6,35,23,5,all games,Houston Texans vs. Oakland Raiders October 4 2009
501,37-26,37,26,63,11,5,all games,Carolina Panthers vs. Tampa Bay Buccaneers October 13 2019
502,36-33,36,33,69,3,5,all games,New England Patriots vs. Houston Texans September 24 2017
503,8-0,8,0,8,8,5,all games,Cleveland Browns vs. Buffalo Bills December 16 2007
504,38-15,38,15,53,23,5,all games,Tampa Bay Buccaneers vs. Seattle Seahawks December 26 2010
505,31-12,31,12,43,19,5,all games,Green Bay Packers vs. Miami Dolphins November 11 2018
506,51-7,51,7,58,44,5,all games,San Francisco 49ers vs. Minnesota Vikings December 8 1984
507,41-35,41,35,76,6,5,all games,New York Giants vs. Dallas Cowboys October 25 2010
508,34-15,34,15,49,19,5,all games,Kansas City Chiefs vs. Miami Dolphins September 21 2014
509,31-25,31,25,56,6,5,all games,Seattle Seahawks vs. Buffalo Bills November 7 2016
510,40-13,40,13,53,27,5,all games,New York Jets vs. Miami Dolphins December 2 2007
511,25-16,25,16,41,9,5,all games,Tennessee Titans vs. Washington Redskins December 22 2018
512,35-15,35,15,50,20,5,all games,San Diego Chargers vs. Seattle Seahawks October 30 1994
513,45-13,45,13,58,32,5,all games,Kansas City Chiefs vs. Washington Redskins September 30 2001
514,25-14,25,14,39,11,5,all games,Arizona Cardinals vs. New York Giants September 14 2014
515,27-15,27,15,42,12,5,all games,Green Bay Packers vs. Detroit Lions November 24 2011
516,30-29,30,29,59,1,5,all games,Seattle Seahawks vs. Los Angeles Rams October 3 2019
517,29-22,29,22,51,7,5,all games,Houston Texans vs. New York Jets December 15 2018
518,47-7,47,7,54,40,5,all games,Arizona Cardinals vs. San Francisco 49ers September 27 2015
519,35-19,35,19,54,16,5,all games,Denver Broncos vs. Jacksonville Jaguars October 13 2013
520,22-9,22,9,31,13,5,all games,Miami Dolphins vs. Buffalo Bills November 13 2014
521,45-6,45,6,51,39,5,all games,Baltimore Ravens vs. Los Angeles Rams November 25 2019
522,35-35,35,35,70,0,5,all games,Denver Broncos vs. Pittsburgh Steelers September 22 1974
523,56-17,56,17,73,39,5,all games,San Francisco 49ers vs. Atlanta Falcons October 18 1992
524,2-0,2,0,2,2,5,all games,Chicago Bears vs. Green Bay Packers September 18 1938
525,35-26,35,26,61,9,5,all games,Green Bay Packers vs. Tampa Bay Buccaneers November 20 2011
526,49-31,49,31,80,18,5,all games,Buffalo Bills vs. Cincinnati Bengals November 21 2010
527,18-14,18,14,32,4,5,all games,Indianapolis Colts vs. San Francisco 49ers November 1 2009
528,44-38,44,38,82,6,5,all games,Green Bay Packers vs. New York Jets December 23 2018
529,36-21,36,21,57,15,5,all games,Carolina Panthers vs. Baltimore Ravens October 28 2018
530,39-0,39,0,39,39,5,all games,Detroit Lions vs. Chicago Cardinals September 28 1936
531,24-18,24,18,42,6,5,all games,Philadelphia Eagles vs. Jacksonville Jaguars October 28 2018
532,32-7,32,7,39,25,5,all games,San Francisco 49ers vs. Chicago Bears November 19 2012
533,32-17,32,17,49,15,5,all games,Detroit Lions vs. San Francisco 49ers December 27 2015
534,33-12,33,12,45,21,4,all games,Los Angeles Rams vs. New York Giants September 30 1984
535,35-22,35,22,57,13,4,all games,Tampa Bay Buccaneers vs. Atlanta Falcons November 24 2019
536,34-25,34,25,59,9,4,all games,Oakland Raiders vs. Tennessee Titans October 30 2005
537,18-13,18,13,31,5,4,all games,Detroit Lions vs. Oakland Raiders November 22 2015
538,18-12,18,12,30,6,4,all games,Philadelphia Eagles vs. Atlanta Falcons September 6 2018
539,19-11,19,11,30,8,4,all games,San Francisco 49ers vs. Washington Redskins November 6 2011
540,47-10,47,10,57,37,4,all games,New Orleans Saints vs. Buffalo Bills November 12 2017
541,43-17,43,17,60,26,4,all games,New England Patriots vs. Cincinnati Bengals October 5 2014
542,47-27,47,27,74,20,4,all games,Atlanta Falcons vs. Houston Oilers September 9 1990
543,18-6,18,6,24,12,4,all games,Green Bay Packers vs. Minnesota Vikings December 11 1988
544,29-16,29,16,45,13,4,all games,Denver Broncos vs. Kansas City Chiefs November 30 2014
545,59-0,59,0,59,59,4,all games,New England Patriots vs. Tennessee Titans October 18 2009
546,15-3,15,3,18,12,4,all games,Cincinnati Bengals vs. Los Angeles Rams December 19 1993
547,56-10,56,10,66,46,4,all games,New England Patriots vs. Buffalo Bills November 18 2007
548,56-0,56,0,56,56,4,all games,Baltimore Colts vs. Green Bay Packers November 2 1958
549,44-20,44,20,64,24,4,all games,Baltimore Ravens vs. Detroit Lions December 3 2017
550,36-6,36,6,42,30,4,all games,Seattle Seahawks vs. Arizona Cardinals January 3 2016
551,48-23,48,23,71,25,4,all games,Arizona Cardinals vs. Chicago Bears September 20 2015
552,47-14,47,14,61,33,4,all games,Washington Redskins vs. New Orleans Saints November 15 2015
553,26-19,26,19,45,7,4,all games,Detroit Lions vs. Jacksonville Jaguars November 20 2016
554,45-34,45,34,79,11,4,all games,Seattle Seahawks vs. Oakland Raiders October 26 1997
555,43-37,43,37,80,6,4,all games,New Orleans Saints vs. Atlanta Falcons September 23 2018
556,29-19,29,19,48,10,4,all games,Kansas City Chiefs vs. Denver Broncos October 30 2017
557,23-23,23,23,46,0,4,all games,Detroit Lions vs. Philadelphia Eagles November 4 1984
558,40-16,40,16,56,24,4,all games,New York Giants vs. Washington Redskins December 9 2018
559,35-12,35,12,47,23,4,all games,Atlanta Falcons vs. New Orleans Saints December 5 1999
560,44-41,44,41,85,3,4,all games,Tennessee Titans vs. Detroit Lions September 23 2012
561,47-0,47,0,47,47,4,all games,Houston Oilers vs. Chicago Bears November 6 1977
562,32-20,32,20,52,12,4,all games,San Francisco 49ers vs. Arizona Cardinals October 13 2013
563,25-6,25,6,31,19,4,all games,New England Patriots vs. Buffalo Bills October 29 2018
564,39-10,39,10,49,29,4,all games,Los Angeles Rams vs. San Francisco 49ers October 21 2018
565,41-19,41,19,60,22,4,all games,Detroit Lions vs. Minnesota Vikings December 17 1994
566,19-15,19,15,34,4,4,all games,Washington Redskins vs. Dallas Cowboys September 23 1990
567,49-13,49,13,62,36,4,all games,Baltimore Ravens vs. Cincinnati Bengals November 10 2019
568,18-10,18,10,28,8,4,all games,New York Giants vs. Washington Redskins December 31 2017
569,32-13,32,13,45,19,4,all games,Dallas Cowboys vs. Washington Redskins December 10 2000
570,36-35,36,35,71,1,4,all games,Dallas Cowboys vs. New York Giants December 30 2018
571,37-33,37,33,70,4,4,all games,Oakland Raiders vs. Baltimore Ravens September 20 2015
572,43-7,43,7,50,36,4,all games,Atlanta Falcons vs. Tampa Bay Buccaneers November 17 1991
573,31-18,31,18,49,13,4,all games,Atlanta Falcons vs. Detroit Lions December 22 2012
574,32-6,32,6,38,26,4,all games,Minnesota Vikings vs. Green Bay Packers December 7 1986
575,15-6,15,6,21,9,4,all games,Chicago Bears vs. Los Angeles Rams December 9 2018
576,32-3,32,3,35,29,4,all games,New York Jets vs. Jacksonville Jaguars September 18 2011
577,29-0,29,0,29,29,4,all games,Washington Redskins vs. Seattle Seahawks December 23 1989
578,37-29,37,29,66,8,4,all games,Carolina Panthers vs. Green Bay Packers November 8 2015
579,56-7,56,7,63,49,4,all games,Oakland Raiders vs. Houston Oilers December 21 1969
580,28-15,28,15,43,13,4,all games,Pittsburgh Steelers vs. Arizona Cardinals November 9 2003
581,45-42,45,42,87,3,4,all games,Oakland Raiders vs. Cleveland Browns September 30 2018
582,43-13,43,13,56,30,4,all games,Tennessee Titans vs. Cleveland Browns September 8 2019
583,36-31,36,31,67,5,4,all games,Los Angeles Rams vs. Seattle Seahawks November 11 2018
584,62-7,62,7,69,55,3,all games,New Orleans Saints vs. Indianapolis Colts October 23 2011
585,34-22,34,22,56,12,3,all games,Chicago Bears vs. Detroit Lions November 11 2018
586,39-32,39,32,71,7,3,all games,Arizona Cardinals vs. Seattle Seahawks November 15 2015
587,34-32,34,32,66,2,3,all games,Atlanta Falcons vs. Tampa Bay Buccaneers December 30 2018
588,51-0,51,0,51,51,3,all games,Cleveland Browns vs. Pittsburgh Steelers September 10 1989
589,43-23,43,23,66,20,3,all games,Pittsburgh Steelers vs. Baltimore Ravens November 2 2014
590,52-31,52,31,83,21,3,all games,Carolina Panthers vs. Cincinnati Bengals December 8 2002
591,44-28,44,28,72,16,3,all games,Cincinnati Bengals vs. Cleveland Browns December 12 1999
592,48-13,48,13,61,35,3,all games,Denver Broncos vs. Tampa Bay Buccaneers November 7 1976
593,47-13,47,13,60,34,3,all games,Cleveland Browns vs. Philadelphia Eagles November 24 1968
594,51-45,51,45,96,6,3,all games,Arizona Cardinals vs. Green Bay Packers January 10 2010
595,52-0,52,0,52,52,3,all games,St. Louis Rams vs. Oakland Raiders November 30 2014
596,49-24,49,24,73,25,3,all games,New Orleans Saints vs. New York Giants November 28 2011
597,59-14,59,14,73,45,3,all games,Oakland Raiders vs. Denver Broncos October 24 2010
598,39-38,39,38,77,1,3,all games,Pittsburgh Steelers vs. Baltimore Ravens December 10 2017
599,15-9,15,9,24,6,3,all games,Pittsburgh Steelers vs. Atlanta Falcons September 12 2010
600,16-16,16,16,32,0,3,all games,Cleveland Browns vs. San Diego Chargers October 28 1973
601,29-15,29,15,44,14,3,all games,Jacksonville Jaguars vs. New York Jets October 27 2019
602,51-10,51,10,61,41,3,all games,Minnesota Vikings vs. Houston Oilers October 13 1974
603,24-2,24,2,26,22,3,all games,New York Giants vs. Atlanta Falcons January 8 2012
604,41-33,41,33,74,8,3,all games,Philadelphia Eagles vs. New England Patriots February 4 2018
605,51-23,51,23,74,28,3,all games,Philadelphia Eagles vs. Denver Broncos November 5 2017
606,38-32,38,32,70,6,3,all games,Atlanta Falcons vs. New Orleans Saints January 1 2017
607,18-0,18,0,18,18,3,all games,Cleveland Browns vs. Cincinnati Bengals November 25 2001
608,40-20,40,20,60,20,3,all games,Cincinnati Bengals vs. Houston Oilers December 23 1990
609,50-17,50,17,67,33,3,all games,Seattle Seahawks vs. Buffalo Bills December 16 2012
610,44-34,44,34,78,10,3,all games,Buffalo Bills vs. Miami Dolphins January 12 1991
611,45-16,45,16,61,29,3,all games,Buffalo Bills vs. San Francisco 49ers October 16 2016
612,48-16,48,16,64,32,3,all games,Carolina Panthers vs. Tampa Bay Buccaneers December 24 2011
613,37-23,37,23,60,14,3,all games,Carolina Panthers vs. Tampa Bay Buccaneers October 4 2015
614,40-6,40,6,46,34,3,all games,Los Angeles Rams vs. New York Giants December 10 1973
615,25-12,25,12,37,13,3,all games,Indianapolis Colts vs. Tampa Bay Buccaneers November 29 2015
616,49-28,49,28,77,21,3,all games,New England Patriots vs. Miami Dolphins October 21 2007
617,52-20,52,20,72,32,3,all games,Denver Broncos vs. Philadelphia Eagles September 29 2013
618,39-26,39,26,65,13,3,all games,New England Patriots vs. Pittsburgh Steelers November 14 2010
619,49-27,49,27,76,22,3,all games,Indianapolis Colts vs. Washington Redskins November 30 2014
620,52-17,52,17,69,35,3,all games,Washington Redskins vs. San Francisco 49ers October 23 2005
621,20-8,20,8,28,12,3,all games,Dallas Cowboys vs. New York Giants December 14 2008
622,40-28,40,28,68,12,3,all games,Green Bay Packers vs. Chicago Bears December 17 1989
623,38-37,38,37,75,1,3,all games,Detroit Lions vs. Cleveland Browns November 22 2009
624,13-2,13,2,15,11,3,all games,Detroit Lions vs. Minnesota Vikings December 5 1983
625,55-20,55,20,75,35,3,all games,Baltimore Ravens vs. Oakland Raiders November 11 2012
626,55-24,55,24,79,31,3,all games,New York Giants vs. Green Bay Packers December 20 1986
627,25-15,25,15,40,10,3,all games,Baltimore Ravens vs. Cleveland Browns November 4 2012
628,45-41,45,41,86,4,3,all games,Washington Redskins vs. Chicago Bears October 20 2013
629,7-2,7,2,9,5,3,all games,New England Patriots vs. Cincinnati Bengals December 12 1993
630,36-13,36,13,49,23,3,all games,Minnesota Vikings vs. Tampa Bay Buccaneers October 30 1994
631,35-25,35,25,60,10,3,all games,Washington Redskins vs. Buffalo Bills December 20 2015
632,48-28,48,28,76,20,3,all games,New York Jets vs. Buffalo Bills September 9 2012
633,51-21,51,21,72,30,3,all games,Los Angeles Rams vs. Green Bay Packers September 21 1980
634,43-28,43,28,71,15,3,all games,Atlanta Falcons vs. Tampa Bay Buccaneers November 3 2016
635,34-18,34,18,52,16,3,all games,Buffalo Bills vs. Jacksonville Jaguars December 2 2012
636,56-14,56,14,70,42,3,all games,Atlanta Falcons vs. Tampa Bay Buccaneers September 18 2014
637,57-0,57,0,57,57,3,all games,Chicago Bears vs. Baltimore Colts November 25 1962
638,48-24,48,24,72,24,3,all games,Chicago Bears vs. Detroit Lions October 4 2009
639,32-25,32,25,57,7,3,all games,Arizona Cardinals vs. Philadelphia Eagles January 18 2009
640,55-7,55,7,62,48,3,all games,Green Bay Packers vs. Tennessee Titans December 23 2012
641,39-17,39,17,56,22,3,all games,Philadelphia Eagles vs. New Orleans Saints October 11 2015
642,40-3,40,3,43,37,3,all games,Green Bay Packers vs. Chicago Bears December 11 1994
643,39-7,39,7,46,32,3,all games,Houston Oilers vs. Miami Dolphins October 1 1989
644,40-0,40,0,40,40,3,all games,Baltimore Ravens vs. Miami Dolphins October 26 2017
645,40-32,40,32,72,8,3,all games,New England Patriots vs. Buffalo Bills September 20 2015
646,40-33,40,33,73,7,3,all games,Kansas City Chiefs vs. Oakland Raiders December 2 2018
647,45-20,45,20,65,25,3,all games,Oakland Raiders vs. New York Jets September 17 2017
648,48-27,48,27,75,21,3,all games,New Orleans Saints vs. New York Giants October 18 2009
649,50-21,50,21,71,29,3,all games,Washington Redskins vs. New York Giants September 19 1999
650,49-26,49,26,75,23,3,all games,New England Patriots vs. Oakland Raiders December 14 2008
651,44-27,44,27,71,17,3,all games,New York Giants vs. Indianapolis Colts December 22 2002
652,39-35,39,35,74,4,3,all games,Detroit Lions vs. Indianapolis Colts September 11 2016
653,5-0,5,0,5,5,3,all games,Buffalo Bills vs. Cincinnati Bengals October 22 1978
654,21-11,21,11,32,10,3,all games,New England Patriots vs. Buffalo Bills November 11 2001
655,37-9,37,9,46,28,3,all games,Philadelphia Eagles vs. Dallas Cowboys November 19 2017
656,56-20,56,20,76,36,3,all games,Philadelphia Eagles vs. Los Angeles Rams October 7 1950
657,51-17,51,17,68,34,3,all games,Los Angeles Rams vs. New York Giants November 5 2017
658,39-14,39,14,53,25,3,all games,Chicago Bears vs. New Orleans Saints January 21 2007
659,37-8,37,8,45,29,3,all games,San Francisco 49ers vs. Green Bay Packers November 24 2019
660,37-36,37,36,73,1,3,all games,Cincinnati Bengals vs. Atlanta Falcons September 30 2018
661,42-37,42,37,79,5,3,all games,Kansas City Chiefs vs. Pittsburgh Steelers September 16 2018
662,55-21,55,21,76,34,3,all games,Indianapolis Colts vs. New Orleans Saints September 28 2003
663,23-8,23,8,31,15,3,all games,Oakland Raiders vs. Kansas City Chiefs September 14 2008
664,42-19,42,19,61,23,3,all games,New York Giants vs. Arizona Cardinals September 11 2005
665,14-11,14,11,25,3,3,all games,Washington Redskins vs. Cleveland Browns October 19 2008
666,39-31,39,31,70,8,3,all games,Detroit Lions vs. Dallas Cowboys December 31 2006
667,52-10,52,10,62,42,3,all games,Philadelphia Eagles vs. St. Louis Cardinals November 8 1981
668,33-22,33,22,55,11,3,all games,Green Bay Packers vs. Kansas City Chiefs November 4 2007
669,35-8,35,8,43,27,3,all games,Miami Dolphins vs. Buffalo Bills November 20 2011
670,44-23,44,23,67,21,3,all games,New Orleans Saints vs. Green Bay Packers October 26 2014
671,11-7,11,7,18,4,3,all games,New Orleans Saints vs. San Francisco 49ers October 29 1995
672,48-22,48,22,70,26,3,all games,New Orleans Saints vs. Philadelphia Eagles September 20 2009
673,38-26,38,26,64,12,3,all games,Washington Redskins vs. Minnesota Vikings October 14 2012
674,32-16,32,16,48,16,3,all games,Los Angeles Rams vs. Arizona Cardinals December 3 2017
675,43-35,43,35,78,8,3,all games,Philadelphia Eagles vs. Los Angeles Rams December 10 2017
676,30-30,30,30,60,0,2,all games,Chicago Bears vs. San Francisco 49ers November 13 1966
677,37-15,37,15,52,22,2,all games,Atlanta Falcons vs. St. Louis Rams November 1 1998
678,29-18,29,18,47,11,2,all games,Atlanta Falcons vs. Arizona Cardinals November 30 2014
679,33-32,33,32,65,1,2,all games,Atlanta Falcons vs. Green Bay Packers October 30 2016
680,55-0,55,0,55,55,2,all games,Houston Oilers vs. Oakland Raiders September 9 1961
681,44-16,44,16,60,28,2,all games,Carolina Panthers vs. Washington Redskins November 22 2015
682,42-32,42,32,74,10,2,all games,Tampa Bay Buccaneers vs. Oakland Raiders November 4 2012
683,18-3,18,3,21,15,2,all games,Pittsburgh Steelers vs. Minnesota Vikings December 18 2005
684,47-25,47,25,72,22,2,all games,Tennessee Titans vs. Green Bay Packers November 13 2016
685,9-5,9,5,14,4,2,all games,Indianapolis Colts vs. New York Jets November 11 1984
686,3-2,3,2,5,1,2,all games,Chicago Cardinals vs. Milwaukee Badgers October 24 1926
687,52-7,52,7,59,45,2,all games,New England Patriots vs. Washington Redskins October 28 2007
688,49-37,49,37,86,12,2,all games,St. Louis Rams vs. Minnesota Vikings January 16 2000
689,41-37,41,37,78,4,2,all games,Dallas Cowboys vs. Philadelphia Eagles September 15 2008
690,33-26,33,26,59,7,2,all games,Minnesota Vikings vs. Washington Redskins December 24 2011
691,39-36,39,36,75,3,2,all games,Denver Broncos vs. Miami Dolphins November 23 2014
692,35-11,35,11,46,24,2,all games,Detroit Lions vs. Green Bay Packers December 31 2017
693,12-12,12,12,24,0,2,all games,Chicago Bears vs. Green Bay Packers September 30 1928
694,32-24,32,24,56,8,2,all games,Philadelphia Eagles vs. Minnesota Vikings October 15 1990
695,40-9,40,9,49,31,2,all games,Kansas City Chiefs vs. Oakland Raiders December 1 2019
696,48-26,48,26,74,22,2,all games,Los Angeles Rams vs. San Francisco 49ers October 5 1980
697,37-32,37,32,69,5,2,all games,Los Angeles Rams vs. Tampa Bay Buccaneers September 25 2016
698,52-49,52,49,101,3,2,all games,New Orleans Saints vs. New York Giants November 1 2015
699,52-28,52,28,80,24,2,all games,New England Patriots vs. Buffalo Bills September 30 2012
700,49-3,49,3,52,46,2,all games,New York Giants vs. San Francisco 49ers January 4 1987
701,32-18,32,18,50,14,2,all games,New York Giants vs. Tampa Bay Buccaneers November 8 2015
702,37-19,37,19,56,18,2,all games,Pittsburgh Steelers vs. Carolina Panthers September 21 2014
703,41-36,41,36,77,5,2,all games,Seattle Seahawks vs. New Orleans Saints January 8 2011
704,28-11,28,11,39,17,2,all games,Tampa Bay Buccaneers vs. Jacksonville Jaguars December 1 2019
705,51-24,51,24,75,27,2,all games,Indianapolis Colts vs. Tennessee Titans December 5 2004
706,47-34,47,34,81,13,2,all games,Buffalo Bills vs. Miami Dolphins December 19 1993
707,61-7,61,7,68,54,2,all games,Cincinnati Bengals vs. Houston Oilers December 17 1989
708,35-18,35,18,53,17,2,all games,Green Bay Packers vs. Washington Redskins January 10 2016
709,48-41,48,41,89,7,2,all games,New Orleans Saints vs. Arizona Cardinals December 18 2016
710,36-34,36,34,70,2,2,all games,San Francisco 49ers vs. Denver Broncos September 23 1973
711,48-19,48,19,67,29,2,all games,Arizona Cardinals vs. St. Louis Rams December 30 2007
712,49-35,49,35,84,14,2,all games,Detroit Lions vs. Carolina Panthers November 20 2011
713,32-27,32,27,59,5,2,all games,Philadelphia Eagles vs. Washington Redskins September 8 2019
714,36-24,36,24,60,12,2,all games,Green Bay Packers vs. Los Angeles Rams September 9 1990
715,19-18,19,18,37,1,2,all games,Tampa Bay Buccaneers vs. Arizona Cardinals September 28 1997
716,17-5,17,5,22,12,2,all games,Philadelphia Eagles vs. Phoenix Cardinals October 15 1989
717,29-9,29,9,38,20,2,all games,Pittsburgh Steelers vs. Cleveland Browns January 7 1995
718,45-29,45,29,74,16,2,all games,St. Louis Rams vs. Atlanta Falcons October 15 2000
719,47-3,47,3,50,44,2,all games,Baltimore Ravens vs. Buffalo Bills September 9 2018
720,52-24,52,24,76,28,2,all games,Pittsburgh Steelers vs. San Diego Chargers November 25 1984
721,39-3,39,3,42,36,2,all games,San Diego Chargers vs. New York Jets October 14 1990
722,14-5,14,5,19,9,2,all games,Tampa Bay Buccaneers vs. Seattle Seahawks November 27 2016
723,39-28,39,28,67,11,2,all games,Atlanta Falcons vs. Dallas Cowboys September 27 2015
724,33-23,33,23,56,10,2,all games,Cincinnati Bengals vs. Jacksonville Jaguars November 2 2014
725,51-3,51,3,54,48,2,all games,Buffalo Bills vs. Los Angeles Raiders January 20 1991
726,16-8,16,8,24,8,2,all games,Carolina Panthers vs. Dallas Cowboys September 9 2018
727,46-10,46,10,56,36,2,all games,Chicago Bears vs. New England Patriots January 26 1986
728,28-8,28,8,36,20,2,all games,Kansas City Chiefs vs. Oakland Raiders September 6 1998
729,45-37,45,37,82,8,2,all games,Indianapolis Colts vs. Cincinnati Bengals November 20 2005
730,44-9,44,9,53,35,2,all games,Kansas City Chiefs vs. San Francisco 49ers November 30 1997
731,40-23,40,23,63,17,2,all games,Chicago Bears vs. Pittsburgh Steelers September 22 2013
732,45-12,45,12,57,33,2,all games,New York Giants vs. Washington Redskins December 21 2009
733,56-21,56,21,77,35,2,all games,Philadelphia Eagles vs. Detroit Lions September 23 2007
734,58-20,58,20,78,38,2,all games,Baltimore Colts vs. Buffalo Bills December 12 1976
735,51-27,51,27,78,24,2,all games,Indianapolis Colts vs. Houston Oilers November 29 1987
736,25-3,25,3,28,22,2,all games,Indianapolis Colts vs. Houston Texans December 15 2013
737,43-21,43,21,64,22,2,all games,New England Patriots vs. Denver Broncos November 2 2014
738,40-37,40,37,77,3,2,all games,New York Jets vs. Miami Dolphins October 23 2000
739,31-2,31,2,33,29,2,all games,Dallas Cowboys vs. New York Giants September 19 1965
740,6-2,6,2,8,4,2,all games,Dallas Cowboys vs. Cleveland Browns December 12 1970
741,50-34,50,34,84,16,2,all games,San Diego Chargers vs. Cincinnati Bengals December 20 1982
742,51-48,51,48,99,3,2,all games,Denver Broncos vs. Dallas Cowboys October 6 2013
743,11-3,11,3,14,8,2,all games,Minnesota Vikings vs. Green Bay Packers September 30 1973
744,12-8,12,8,20,4,2,all games,Tennessee Oilers vs. Baltimore Ravens October 11 1998
745,45-19,45,19,64,26,2,all games,Philadelphia Eagles vs. New York Jets December 18 2011
746,36-26,36,26,62,10,2,all games,San Francisco 49ers vs. Arizona Cardinals November 17 2019
747,52-9,52,9,61,43,2,all games,Oakland Raiders vs. Carolina Panthers December 24 2000
748,42-41,42,41,83,1,2,all games,Kansas City Chiefs vs. San Diego Chargers October 19 1986
749,48-30,48,30,78,18,2,all games,Minnesota Vikings vs. Philadelphia Eagles December 15 2013
750,26-8,26,8,34,18,2,all games,Miami Dolphins vs. Baltimore Colts October 29 1978
751,30-25,30,25,55,5,2,all games,Miami Dolphins vs. New York Jets November 1 2009
752,49-20,49,20,69,29,2,all games,Philadelphia Eagles vs. Oakland Raiders November 3 2013
753,16-11,16,11,27,5,2,all games,Tampa Bay Buccaneers vs. New Orleans Saints December 11 2016
754,42-33,42,33,75,9,2,all games,Houston Oilers vs. Denver Broncos November 26 1995
755,32-30,32,30,62,2,2,all games,Philadelphia Eagles vs. Houston Texans December 23 2018
756,50-14,50,14,64,36,2,all games,San Francisco 49ers vs. Arizona Cardinals December 7 2003
757,47-41,47,41,88,6,2,all games,Buffalo Bills vs. Houston Oilers September 24 1989
758,21-15,21,15,36,6,2,all games,Green Bay Packers vs. Chicago Bears September 13 2009
759,38-22,38,22,60,16,2,all games,Carolina Panthers vs. San Francisco 49ers September 10 2000
760,53-7,53,7,60,46,2,all games,San Diego Chargers vs. New York Jets November 2 1963
761,52-35,52,35,87,17,2,all games,Chicago Bears vs. Minnesota Vikings December 17 1961
762,44-30,44,30,74,14,2,all games,Cincinnati Bengals vs. San Francisco 49ers December 5 1999
763,38-25,38,25,63,13,2,all games,Green Bay Packers vs. Minnesota Vikings December 24 2016
764,62-14,62,14,76,48,2,all games,Cleveland Browns vs. New York Giants December 6 1953
765,30-18,30,18,48,12,2,all games,Indianapolis Colts vs. Detroit Lions October 29 2000
766,60-0,60,0,60,60,2,all games,Chicago Cardinals vs. Rochester Jeffersons October 7 1923
767,38-8,38,8,46,30,2,all games,Arizona Cardinals vs. Green Bay Packers December 27 2015
768,46-21,46,21,67,25,2,all games,Dallas Cowboys vs. St. Louis Cardinals November 23 1967
769,41-22,41,22,63,19,2,all games,Miami Dolphins vs. St. Louis Rams December 24 1995
770,37-18,37,18,55,19,2,all games,Dallas Cowboys vs. New York Giants November 4 2019
771,40-38,40,38,78,2,2,all games,Los Angeles Raiders vs. Dallas Cowboys October 23 1983
772,23-2,23,2,25,21,2,all games,Detroit Lions vs. Los Angeles Rams September 14 1963
773,13-11,13,11,24,2,2,all games,Detroit Lions vs. Philadelphia Eagles November 16 1986
774,37-25,37,25,62,12,2,all games,Detroit Lions vs. Washington Redskins October 31 2010
775,56-3,56,3,59,53,2,all games,New England Patriots vs. New York Jets September 9 1979
776,44-31,44,31,75,13,2,all games,Green Bay Packers vs. Minnesota Vikings October 27 2013
777,49-6,49,6,55,43,2,all games,New York Giants vs. St. Louis Cardinals December 7 1969
778,29-25,29,25,54,4,2,all games,New Orleans Saints vs. Atlanta Falcons December 7 2008
779,40-26,40,26,66,14,2,all games,Kansas City Chiefs vs. Jacksonville Jaguars September 8 2019
780,44-26,44,26,70,18,2,all games,Miami Dolphins vs. Houston Texans October 25 2015
781,42-30,42,30,72,12,2,all games,Minnesota Vikings vs. Detroit Lions October 20 2019
782,36-25,36,25,61,11,2,all games,New Orleans Saints vs. Chicago Bears October 20 2019
783,47-21,47,21,68,26,2,all games,New England Patriots vs. Baltimore Colts November 23 1980
784,53-0,53,0,53,53,2,all games,New York Giants vs. Washington Redskins November 5 1961
785,26-11,26,11,37,15,2,all games,Los Angeles Chargers vs. Green Bay Packers November 3 2019
786,30-8,30,8,38,22,2,all games,New York Jets vs. Tennessee Titans December 13 2015
787,34-34,34,34,68,0,2,all games,Atlanta Falcons vs. Pittsburgh Steelers November 10 2002
788,22-5,22,5,27,17,2,all games,Seattle Seahawks vs. Cleveland Browns November 14 1993
789,31-8,31,8,39,23,2,all games,Baltimore Ravens vs. New Orleans Saints December 19 1999
790,46-18,46,18,64,28,1,all games,Seattle Seahawks vs. Indianapolis Colts October 1 2017
791,21-8,21,8,29,13,1,all games,San Francisco 49ers vs. Cincinnati Bengals December 5 1993
792,44-15,44,15,59,29,1,all games,San Francisco 49ers vs. Chicago Bears January 7 1995
793,44-33,44,33,77,11,1,all games,San Francisco 49ers vs. Jacksonville Jaguars December 24 2017
794,48-40,48,40,88,8,1,all games,Tampa Bay Buccaneers vs. New Orleans Saints September 9 2018
795,59-21,59,21,80,38,1,all games,Washington Redskins vs. Boston Yanks October 31 1948
796,48-31,48,31,79,17,1,all games,Atlanta Falcons vs. Chicago Bears November 16 1969
797,8-5,8,5,13,3,1,all games,Atlanta Falcons vs. Los Angeles Rams October 2 1994
798,45-33,45,33,78,12,1,all games,Buffalo Bills vs. New Orleans Saints December 27 1998
799,58-27,58,27,85,31,1,all games,Chicago Bears vs. Baltimore Colts October 21 1956
800,56-23,56,23,79,33,1,all games,Cincinnati Bengals vs. Tampa Bay Buccaneers October 29 1989
801,42-29,42,29,71,13,1,all games,Cincinnati Bengals vs. Baltimore Ravens November 27 2005
802,62-3,62,3,65,59,1,all games,Cleveland Browns vs. Washington Redskins November 7 1954
803,40-25,40,25,65,15,1,all games,Cleveland Browns vs. Baltimore Ravens September 29 2019
804,51-38,51,38,89,13,1,all games,Baltimore Colts vs. Chicago Bears October 4 1958
805,37-5,37,5,42,32,1,all games,Indianapolis Colts vs. Buffalo Bills October 21 2018
806,65-20,65,20,85,45,1,all games,Chicago Cardinals vs. New York Bulldogs November 13 1949
807,33-33,33,33,66,0,1,all games,Cleveland Browns vs. St. Louis Cardinals September 20 1964
808,40-11,40,11,51,29,1,all games,Arizona Cardinals vs. Indianapolis Colts November 24 2013
809,59-13,59,13,72,46,1,all games,Dallas Cowboys vs. Detroit Lions September 15 1968
810,40-15,40,15,55,25,1,all games,Dallas Cowboys vs. Minnesota Vikings December 28 1996
811,40-27,40,27,67,13,1,all games,Detroit Lions vs. Denver Broncos November 22 1990
812,54-7,54,7,61,47,1,all games,Green Bay Packers vs. Pittsburgh Steelers November 23 1941
813,44-40,44,40,84,4,1,all games,Green Bay Packers vs. Detroit Lions November 27 1986
814,48-25,48,25,73,23,1,all games,Green Bay Packers vs. Detroit Lions September 14 2008
815,46-16,46,16,62,30,1,all games,Green Bay Packers vs. Oakland Raiders December 11 2011
816,53-20,53,20,73,33,1,all games,Green Bay Packers vs. Philadelphia Eagles November 16 2014
817,53-32,53,32,85,21,1,all games,Houston Texans vs. Atlanta Falcons October 6 2019
818,43-11,43,11,54,32,1,all games,Dallas Texans vs. Oakland Raiders November 26 1961
819,34-2,34,2,36,32,1,all games,Kansas City Chiefs vs. Denver Broncos September 22 1968
820,54-34,54,34,88,20,1,all games,Kansas City Chiefs vs. St. Louis Rams October 22 2000
821,49-10,49,10,59,39,1,all games,Kansas City Chiefs vs. St. Louis Rams December 8 2002
822,56-31,56,31,87,25,1,all games,Kansas City Chiefs vs. Oakland Raiders December 15 2013
823,46-13,46,13,59,33,1,all games,Miami Dolphins vs. Chicago Bears November 2 1975
824,36-27,36,27,63,9,1,all games,Miami Dolphins vs. New York Jets September 15 1996
825,17-8,17,8,25,9,1,all games,Milwaukee Badgers vs. Chicago Cardinals November 2 1924
826,50-10,50,10,60,40,1,all games,Minnesota Vikings vs. Jacksonville Jaguars December 20 1998
827,26-26,26,26,52,0,1,all games,Green Bay Packers vs. Minnesota Vikings November 24 2013
828,33-29,33,29,62,4,1,all games,Boston Patriots vs. Denver Broncos November 11 1962
829,42-15,42,15,57,27,1,all games,New England Patriots vs. Cleveland Browns December 5 2004
830,43-22,43,22,65,21,1,all games,New England Patriots vs. Indianapolis Colts January 11 2014
831,19-8,19,8,27,11,1,all games,New York Yankees vs. Buffalo Bisons October 12 1927
832,49-34,49,34,83,15,1,all games,New York Giants vs. Washington Redskins October 28 1962
833,39-20,39,20,59,19,1,all games,New York Giants vs. Denver Broncos January 25 1987
834,41-29,41,29,70,12,1,all games,New York Jets vs. San Diego Chargers September 4 1983
835,56-35,56,35,91,21,1,all games,New York Jets vs. Arizona Cardinals September 28 2008
836,45-25,45,25,70,20,1,all games,Houston Oilers vs. Denver Broncos November 6 1960
837,24-8,24,8,32,16,1,all games,Houston Oilers vs. Detroit Lions October 26 1975
838,58-37,58,37,95,21,1,all games,Philadelphia Eagles vs. Detroit Lions December 30 1995
839,23-11,23,11,34,12,1,all games,Philadelphia Eagles vs. New York Giants January 11 2009
840,63-7,63,7,70,56,1,all games,Pittsburgh Steelers vs. New York Giants November 30 1952
841,47-28,47,28,75,19,1,all games,Pittsburgh Steelers vs. New York Giants December 11 1966
842,51-35,51,35,86,16,1,all games,Pittsburgh Steelers vs. Cleveland Browns October 7 1979
843,51-34,51,34,85,17,1,all games,Pittsburgh Steelers vs. Indianapolis Colts October 26 2014
844,43-43,43,43,86,0,1,all games,Boston Patriots vs. Oakland Raiders October 16 1964
845,43-32,43,32,75,11,1,all games,Oakland Raiders vs. New York Jets November 17 1968
846,45-22,45,22,67,23,1,all games,Oakland Raiders vs. San Diego Chargers October 25 1979
847,39-23,39,23,62,16,1,all games,Oakland Raiders vs. Denver Broncos December 19 2010
848,65-24,65,24,89,41,1,all games,Los Angeles Rams vs. Detroit Lions October 29 1950
849,48-35,48,35,83,13,1,all games,Los Angeles Rams vs. Detroit Lions October 30 1960
850,46-14,46,14,60,32,1,all games,Los Angeles Rams vs. St. Louis Cardinals December 15 1985
851,41-39,41,39,80,2,1,all games,Los Angeles Rams vs. San Francisco 49ers September 21 2017
852,39-27,39,27,66,12,1,all games,Baltimore Ravens vs. Indianapolis Colts December 2 2001
853,47-23,47,23,70,24,1,all games,San Diego Chargers vs. Denver Broncos December 1 1968
854,49-41,49,41,90,8,1,all games,San Diego Chargers vs. Cincinnati Bengals November 12 2006
855,47-30,47,30,77,17,1,all games,Seattle Seahawks vs. Jacksonville Jaguars November 12 1995
856,58-0,58,0,58,58,1,all games,Seattle Seahawks vs. Arizona Cardinals December 9 2012
857,43-16,43,16,59,27,1,all games,Seattle Seahawks vs. San Francisco 49ers December 2 2018
858,37-2,37,2,39,35,1,all games,San Francisco 49ers vs. New Orleans Saints October 1 1972
859,55-17,55,17,72,38,1,all games,San Francisco 49ers vs. Detroit Lions December 19 1993
860,62-0,62,0,62,62,1,all games,Akron Pros vs. Oorang Indians October 29 1922
861,51-13,51,13,64,38,1,all games,San Francisco 49ers vs. Carolina Panthers October 27 2019
862,55-40,55,40,95,15,1,all games,Tampa Bay Buccaneers vs. Los Angeles Rams September 29 2019
863,72-41,72,41,113,31,1,all games,Washington Redskins vs. New York Giants November 27 1966
864,46-6,46,6,52,40,1,all games,Atlanta Falcons vs. Chicago Bears October 14 1973
865,22-12,22,12,34,10,1,all games,Buffalo Bills vs. Houston Oilers October 8 1961
866,58-24,58,24,82,34,1,all games,Buffalo Bills vs. Miami Dolphins September 18 1966
867,45-39,45,39,84,6,1,all games,Buffalo Bills vs. Minnesota Vikings September 15 2002
868,49-15,49,15,64,34,1,all games,Carolina Panthers vs. Arizona Cardinals January 24 2016
869,20-2,20,2,22,18,1,all games,Chicago Bears vs. Cleveland Rams October 10 1937
870,73-0,73,0,73,73,1,all games,Chicago Bears vs. Washington Redskins December 8 1940
871,51-20,51,20,71,31,1,all games,Chicago Bears vs. Tennessee Titans November 4 2012
872,66-14,66,14,80,52,1,all games,Cleveland Browns vs. Brooklyn Dodgers December 8 1946
873,61-14,61,14,75,47,1,all games,Cleveland Browns vs. Los Angeles Dons October 14 1949
874,52-19,52,19,71,33,1,all games,Baltimore Colts vs. New York Jets November 16 1975
875,47-6,47,6,53,41,1,all games,Indianapolis Colts vs. Buffalo Bills October 4 1987
876,39-33,39,33,72,6,1,all games,Indianapolis Colts vs. Denver Broncos October 20 2013
877,63-35,63,35,98,28,1,all games,Chicago Cardinals vs. New York Giants October 17 1948
878,55-13,55,13,68,42,1,all games,Chicago Cardinals vs. Baltimore Colts October 2 1950
879,38-38,38,38,76,0,1,all games,Buffalo Bills vs. Denver Broncos November 27 1960
880,49-29,49,29,78,20,1,all games,Denver Broncos vs. Kansas City Chiefs November 14 2010
881,54-0,54,0,54,54,1,all games,Frankford Yellow Jackets vs. Buffalo Bisons October 15 1927
882,9-2,9,2,11,7,1,all games,Green Bay Packers vs. Chicago Cardinals October 6 1929
883,49-11,49,11,60,38,1,all games,Jacksonville Jaguars vs. Oakland Raiders December 23 2007
884,59-7,59,7,66,52,1,all games,Kansas City Chiefs vs. Denver Broncos September 7 1963
885,42-22,42,22,64,20,1,all games,Kansas City Chiefs vs. Cincinnati Bengals October 26 1969
886,40-39,40,39,79,1,1,all games,Kansas City Chiefs vs. Cleveland Browns September 8 2002
887,38-5,38,5,43,33,1,all games,Kansas City Chiefs vs. Buffalo Bills October 26 2003
888,29-29,29,29,58,0,1,all games,Green Bay Packers vs. Minnesota Vikings September 16 2018
889,51-42,51,42,93,9,1,all games,New Orleans Saints vs. St. Louis Cardinals November 2 1969
890,51-29,51,29,80,22,1,all games,New Orleans Saints vs. Green Bay Packers November 24 2008
891,52-38,52,38,90,14,1,all games,New Orleans Saints vs. Detroit Lions October 15 2017
892,46-28,46,28,74,18,1,all games,Boston Patriots vs. Houston Oilers December 8 1963
893,59-24,59,24,83,35,1,all games,New England Patriots vs. Indianapolis Colts November 18 2012
894,41-25,41,25,66,16,1,all games,New England Patriots vs. Buffalo Bills October 30 2016
895,19-19,19,19,38,0,1,all games,Detroit Wolverines vs. New York Giants November 11 1928
896,42-40,42,40,82,2,1,all games,New York Giants vs. Green Bay Packers September 19 1971
897,46-45,46,45,91,1,1,all games,New York Titans vs. Denver Broncos November 22 1962
898,62-28,62,28,90,34,1,all games,New York Jets vs. Tampa Bay Buccaneers November 17 1985
899,47-16,47,16,63,31,1,all games,Houston Oilers vs. Oakland Raiders December 17 1961
900,58-14,58,14,72,44,1,all games,Houston Oilers vs. Cleveland Browns December 9 1990
901,42-39,42,39,81,3,1,all games,Tennessee Titans vs. Jacksonville Jaguars December 6 2015
902,32-23,32,23,55,9,1,all games,Philadelphia Eagles vs. Houston Oilers October 2 1988
903,44-42,44,42,86,2,1,all games,Philadelphia Eagles vs. Cincinnati Bengals November 30 1997
904,59-28,59,28,87,31,1,all games,Philadelphia Eagles vs. Washington Redskins November 15 2010
905,55-27,55,27,82,28,1,all games,Pittsburgh Steelers vs. Cleveland Browns October 17 1954
906,57-33,57,33,90,24,1,all games,Pittsburgh Steelers vs. Atlanta Falcons December 18 1966
907,43-18,43,18,61,25,1,all games,Pittsburgh Steelers vs. San Francisco 49ers September 20 2015
908,44-22,44,22,66,22,1,all games,Oakland Raiders vs. Kansas City Chiefs November 23 1967
909,41-26,41,26,67,15,1,all games,Oakland Raiders vs. New England Patriots December 1 1974
910,44-37,44,37,81,7,1,all games,Los Angeles Raiders vs. San Diego Chargers October 21 1984
911,52-37,52,37,89,15,1,all games,Los Angeles Rams vs. New York Giants November 14 1948
912,54-14,54,14,68,40,1,all games,Los Angeles Rams vs. New York Yanks September 28 1951
913,59-16,59,16,75,43,1,all games,St. Louis Rams vs. Atlanta Falcons November 10 1996
914,57-31,57,31,88,26,1,all games,St. Louis Rams vs. San Diego Chargers October 1 2000
915,54-51,54,51,105,3,1,all games,Los Angeles Rams vs. Kansas City Chiefs November 19 2018
916,59-10,59,10,69,49,1,all games,Baltimore Ravens vs. Miami Dolphins September 8 2019
917,54-44,54,44,98,10,1,all games,San Diego Chargers vs. Pittsburgh Steelers December 8 1985
918,48-29,48,29,77,19,1,all games,San Diego Chargers vs. New York Jets September 22 2008
919,22-15,22,15,37,7,1,all games,Seattle Seahawks vs. Miami Dolphins October 6 1996
920,43-8,43,8,51,35,1,all games,Seattle Seahawks vs. Denver Broncos February 2 2014
921,63-40,63,40,103,23,1,all games,San Francisco 49ers vs. Brooklyn Dodgers November 21 1948
922,44-3,44,3,47,41,1,all games,San Francisco 49ers vs. New York Giants January 15 1994
923,13-8,13,8,21,5,1,all games,San Francisco 49ers vs. Cincinnati Bengals September 25 2011
924,10-5,10,5,15,5,1,all games,Tampa Bay Buccaneers vs. Buffalo Bills December 4 1988
925,8-6,8,6,14,2,1,all games,Boston Braves vs. Chicago Cardinals November 27 1932
926,33-9,33,9,42,24,1,all games,Washington Redskins vs. San Francisco 49ers November 11 1973
927,39-34,39,34,73,5,1,all games,Atlanta Falcons vs. San Francisco 49ers October 13 1991
928,36-15,36,15,51,21,1,all games,Atlanta Falcons vs. Detroit Lions December 22 2002
929,45-32,45,32,77,13,1,all games,Atlanta Falcons vs. New Orleans Saints September 26 2016
930,46-31,46,31,77,15,1,all games,Buffalo Bills vs. New York Jets September 23 1979
931,34-11,34,11,45,23,1,all games,Buffalo Bills vs. Indianapolis Colts November 22 1998
932,54-31,54,31,85,23,1,all games,Buffalo Bills vs. Kansas City Chiefs November 23 2008
933,46-27,46,27,73,19,1,all games,Carolina Panthers vs. San Francisco 49ers September 18 2016
934,53-10,53,10,63,43,1,all games,Cleveland Bulldogs vs. Milwaukee Badgers November 27 1924
935,61-17,61,17,78,44,1,all games,Cincinnati Bengals vs. Houston Oilers December 17 1972
936,50-24,50,24,74,26,1,all games,Cincinnati Bengals vs. Dallas Cowboys December 8 1985
937,58-48,58,48,106,10,1,all games,Cincinnati Bengals vs. Cleveland Browns November 28 2004
938,49-9,49,9,58,40,1,all games,Cincinnati Bengals vs. New York Jets October 27 2013
939,35-2,35,2,37,33,1,all games,Cleveland Browns vs. Chicago Hornets November 6 1949
940,49-40,49,40,89,9,1,all games,Cleveland Browns vs. New York Giants December 4 1966
941,45-26,45,26,71,19,1,all games,Baltimore Colts vs. Los Angeles Rams December 12 1959
942,42-26,42,26,68,16,1,all games,Indianapolis Colts vs. Buffalo Bills September 23 2001
943,53-14,53,14,67,39,1,all games,Chicago Cardinals vs. Chicago Bears November 27 1955
944,40-30,40,30,70,10,1,all games,St. Louis Cardinals vs. Washington Redskins September 20 1981
945,30-11,30,11,41,19,1,all games,Dallas Cowboys vs. Philadelphia Eagles January 7 1996
946,34-8,34,8,42,26,1,all games,Denver Broncos vs. New England Patriots November 17 1996
947,22-8,22,8,30,14,1,all games,Denver Broncos vs. Oakland Raiders November 30 2003
948,26-12,26,12,38,14,1,all games,Detroit Lions vs. Arizona Cardinals December 5 2004
949,10-2,10,2,12,8,1,all games,Duluth Eskimos vs. Canton Bulldogs November 21 1926
950,57-21,57,21,78,36,1,all games,Green Bay Packers vs. Detroit Lions October 7 1945
951,48-47,48,47,95,1,1,all games,Green Bay Packers vs. Washington Redskins October 17 1983
952,52-3,52,3,55,49,1,all games,Green Bay Packers vs. New Orleans Saints October 9 2005
953,24-5,24,5,29,19,1,all games,Houston Texans vs. Chicago Bears December 19 2004
954,49-39,49,39,88,10,1,all games,Kansas City Chiefs vs. Denver Broncos November 1 1964
955,49-38,49,38,87,11,1,all games,Kansas City Chiefs vs. Tennessee Titans December 13 2004
956,41-32,41,32,73,9,1,all games,Miami Dolphins vs. Boston Patriots December 17 1967
957,54-13,54,13,67,41,1,all games,Minnesota Vikings vs. Dallas Cowboys October 18 1970
958,46-36,46,36,82,10,1,all games,Minnesota Vikings vs. Dallas Cowboys November 26 1998
959,43-38,43,38,81,5,1,all games,New Orleans Saints vs. San Francisco 49ers November 23 1969
960,43-19,43,19,62,24,1,all games,New Orleans Saints vs. Washington Redskins October 8 2018
961,46-38,46,38,84,8,1,all games,New England Patriots vs. Baltimore Ravens October 6 1996
962,49-19,49,19,68,30,1,all games,New England Patriots vs. New York Jets November 22 2012
963,33-8,33,8,41,25,1,all games,New England Patriots vs. Oakland Raiders November 19 2017
964,62-10,62,10,72,52,1,all games,New York Giants vs. Philadelphia Eagles November 26 1972
965,33-15,33,15,48,18,1,all games,New York Giants vs. San Francisco 49ers October 21 2007
966,52-13,52,13,65,39,1,all games,New York Jets vs. Houston Oilers September 18 1966
967,42-36,42,36,78,6,1,all games,New York Jets vs. Buffalo Bills October 7 2001
968,64-0,64,0,64,64,1,all games,Philadelphia Eagles vs. Cincinnati Reds November 6 1934
969,40-18,40,18,58,22,1,all games,Philadelphia Eagles vs. Dallas Cowboys September 30 2001
970,54-11,54,11,65,43,1,all games,Philadelphia Eagles vs. Chicago Bears December 22 2013
971,27-2,27,2,29,25,1,all games,Pittsburgh Steelers vs. Chicago Cardinals December 22 1957
972,32-9,32,9,41,23,1,all games,Pittsburgh Steelers vs. Houston Oilers November 24 1975
973,39-21,39,21,60,18,1,all games,Pittsburgh Steelers vs. Denver Broncos October 23 1988
974,21-2,21,2,23,19,1,all games,Providence Steam Roller vs. Canton Bulldogs November 11 1926
975,38-29,38,29,67,9,1,all games,Oakland Raiders vs. New York Jets December 17 1967
976,49-16,49,16,65,33,1,all games,Oakland Raiders vs. Tampa Bay Buccaneers November 28 1976
977,52-25,52,25,77,27,1,all games,Oakland Raiders vs. Tennessee Titans September 29 2002
978,53-27,53,27,80,26,1,all games,Los Angeles Rams vs. Washington Redskins December 11 1949
979,45-2,45,2,47,43,1,all games,Los Angeles Rams vs. Baltimore Colts December 5 1953
980,41-30,41,30,71,11,1,all games,Los Angeles Rams vs. San Francisco 49ers November 9 1969
981,43-12,43,12,55,31,1,all games,St. Louis Rams vs. New Orleans Saints November 28 1999
982,40-29,40,29,69,11,1,all games,St. Louis Rams vs. Minnesota Vikings December 10 2000
983,48-32,48,32,80,16,1,all games,Los Angeles Rams vs. San Francisco 49ers December 30 2018
984,66-0,66,0,66,66,1,all games,Rochester Jeffersons vs. Fort Porter  October 10 1920
985,50-28,50,28,78,22,1,all games,San Diego Chargers vs. Miami Dolphins September 7 1986
986,54-24,54,24,78,30,1,all games,Los Angeles Chargers vs. Buffalo Bills November 19 2017
987,37-12,37,12,49,25,1,all games,Seattle Seahawks vs. Arizona Cardinals September 25 2005
988,36-16,36,16,52,20,1,all games,Seattle Seahawks vs. Green Bay Packers September 4 2014
989,56-28,56,28,84,28,1,all games,San Francisco 49ers vs. Cleveland Browns October 9 1949
990,55-10,55,10,65,45,1,all games,San Francisco 49ers vs. Denver Broncos January 28 1990
991,36-32,36,32,68,4,1,all games,San Francisco 49ers vs. New Orleans Saints January 14 2012
992,19-5,19,5,24,14,1,all games,Tampa Bay Buccaneers vs. Philadelphia Eagles September 19 1999
993,7-5,7,5,12,2,1,all games,Washington Redskins vs. Detroit Lions October 16 1938
994,38-12,38,12,50,26,1,all games,Washington Redskins vs. New York Giants October 11 1987
995,48-33,48,33,81,15,1,all games,Atlanta Falcons vs. Carolina Panthers October 2 2016
996,52-34,52,34,86,18,1,all games,Buffalo Bills vs. Pittsburgh Steelers September 8 1991
997,27-18,27,18,45,9,1,all games,Buffalo Bills vs. Green Bay Packers September 10 2000
998,44-11,44,11,55,33,1,all games,Carolina Panthers vs. Atlanta Falcons January 1 2006
999,61-20,61,20,81,41,1,all games,Chicago Bears vs. San Francisco 49ers December 12 1965
1000,36-19,36,19,55,17,1,all games,Cincinnati Bengals vs. New York Jets October 9 1988
1001,37-37,37,37,74,0,1,all games,Carolina Panthers vs. Cincinnati Bengals October 12 2014
1002,8-3,8,3,11,5,1,all games,Cleveland Browns vs. New York Giants December 17 1950
1003,48-34,48,34,82,14,1,all games,Cleveland Browns vs. New York Giants December 18 1960
1004,11-8,11,8,19,3,1,all games,Cleveland Browns vs. Houston Oilers October 13 1994
1005,10-8,10,8,18,2,1,all games,Baltimore Colts vs. New York Jets October 7 1979
1006,55-23,55,23,78,32,1,all games,Indianapolis Colts vs. Denver Broncos October 31 1988
1007,45-44,45,44,89,1,1,all games,Indianapolis Colts vs. Kansas City Chiefs January 4 2014
1008,43-39,43,39,82,4,1,all games,Dallas Cowboys vs. Seattle Seahawks December 6 2004
1009,46-3,46,3,49,43,1,all games,Denver Broncos vs. New York Jets September 19 1976
1010,17-11,17,11,28,6,1,all games,Denver Broncos vs. Kansas City Chiefs November 6 1988
1011,51-28,51,28,79,23,1,all games,Denver Broncos vs. Tennessee Titans December 8 2013
1012,11-0,11,0,11,11,1,all games,Detroit Lions vs. Tampa Bay Buccaneers September 4 1983
1013,5-3,5,3,8,2,1,all games,Frankford Yellow Jackets vs. New York Giants October 17 1925
1014,43-6,43,6,49,37,1,all games,Green Bay Packers vs. Evansville Crimson Giants November 6 1921
1015,50-7,50,7,57,43,1,all games,Green Bay Packers vs. Detroit Lions November 24 1940
1016,43-10,43,10,53,33,1,all games,Green Bay Packers vs. Detroit Lions October 6 1985
1017,39-13,39,13,52,26,1,all games,Green Bay Packers vs. Philadelphia Eagles September 9 1996
1018,49-23,49,23,72,26,1,all games,Green Bay Packers vs. Denver Broncos October 2 2011
1019,57-14,57,14,71,43,1,all games,Houston Texans vs. Tennessee Titans October 1 2017
1020,24-11,24,11,35,13,1,all games,Jacksonville Jaguars vs. Cincinnati Bengals November 8 1998
1021,51-16,51,16,67,35,1,all games,Jacksonville Jaguars vs. Indianapolis Colts December 13 2015
1022,42-18,42,18,60,24,1,all games,Kansas City Chiefs vs. New York Jets November 5 1967
1023,28-2,28,2,30,26,1,all games,Kansas City Chiefs vs. Jacksonville Jaguars September 8 2013
1024,39-24,39,24,63,15,1,all games,Miami Dolphins vs. New England Patriots November 29 1979
1025,43-3,43,3,46,40,1,all games,Minnesota Vikings vs. Dallas Cowboys November 13 1988
1026,43-27,43,27,70,16,1,all games,New Orleans Saints vs. Washington Redskins October 13 2002
1027,46-34,46,34,80,12,1,all games,New Orleans Saints vs. Miami Dolphins October 25 2009
1028,40-22,40,22,62,18,1,all games,New England Patriots vs. St. Louis Rams November 7 2004
1029,55-31,55,31,86,24,1,all games,New England Patriots vs. Pittsburgh Steelers November 3 2013
1030,43-40,43,40,83,3,1,all games,New England Patriots vs. Kansas City Chiefs October 14 2018
1031,52-27,52,27,79,25,1,all games,New York Giants vs. New Orleans Saints December 9 2012
1032,47-31,47,31,78,16,1,all games,New York Jets vs. Boston Patriots September 22 1968
1033,49-33,49,33,82,16,1,all games,Houston Oilers vs. San Diego Chargers December 19 1971
1034,47-36,47,36,83,11,1,all games,Tennessee Titans vs. Pittsburgh Steelers January 2 2000
1035,49-25,49,25,74,24,1,all games,Philadelphia Eagles vs. Boston Yanks October 6 1946
1036,40-8,40,8,48,32,1,all games,Philadelphia Eagles vs. San Francisco 49ers October 2 1994
1037,36-3,36,3,39,33,1,all games,Philadelphia Eagles vs. Dallas Cowboys November 18 2001
1038,34-5,34,5,39,29,1,all games,Pittsburgh Steelers vs. Houston Oilers January 7 1979
1039,11-10,11,10,21,1,1,all games,Pittsburgh Steelers vs. San Diego Chargers November 16 2008
1040,10-4,10,4,14,6,1,all games,Racine Legion vs. Chicago Cardinals November 25 1923
1041,48-6,48,6,54,42,1,all games,Oakland Raiders vs. Buffalo Bills September 15 1968
1042,50-19,50,19,69,31,1,all games,Oakland Raiders vs. Atlanta Falcons October 14 1979
1043,40-35,40,35,75,5,1,all games,Oakland Raiders vs. Tennessee Titans December 19 2004
1044,70-27,70,27,97,43,1,all games,Los Angeles Rams vs. Baltimore Colts October 22 1950
1045,42-38,42,38,80,4,1,all games,Los Angeles Rams vs. Chicago Bears October 24 1954
1046,11-6,11,6,17,5,1,all games,St. Louis Rams vs. Tampa Bay Buccaneers January 23 2000
1047,46-9,46,9,55,37,1,all games,Los Angeles Rams vs. Indianapolis Colts September 10 2017
1048,50-43,50,43,93,7,1,all games,Los Angeles Chargers vs. New York Titans December 18 1960
1049,45-23,45,23,68,22,1,all games,San Diego Chargers vs. New York Giants September 25 2005
1050,47-24,47,24,71,23,1,all games,Seattle Seahawks vs. Cleveland Browns December 3 1978
1051,36-18,36,18,54,18,1,all games,Seattle Seahawks vs. Arizona Cardinals November 14 2010
1052,39-30,39,30,69,9,1,all games,Seattle Seahawks vs. Pittsburgh Steelers November 29 2015